State,County,"Total law
enforcement
employees","Total
officers","Total
civilians"
ALABAMA-Metropolitan Counties,Autauga,64,25,39
ALABAMA-Metropolitan Counties,Bibb,12,11,1
ALABAMA-Metropolitan Counties,Blount,38,35,3
ALABAMA-Metropolitan Counties,Calhoun,57,53,4
ALABAMA-Metropolitan Counties,Chilton,59,30,29
ALABAMA-Metropolitan Counties,Colbert,54,31,23
ALABAMA-Metropolitan Counties,Elmore,93,46,47
ALABAMA-Metropolitan Counties,Etowah,164,66,98
ALABAMA-Metropolitan Counties,Geneva,28,11,17
ALABAMA-Metropolitan Counties,Greene,27,12,15
ALABAMA-Metropolitan Counties,Hale,11,9,2
ALABAMA-Metropolitan Counties,Henry,15,10,5
ALABAMA-Metropolitan Counties,Houston,89,61,28
ALABAMA-Metropolitan Counties,Jefferson,573,440,133
ALABAMA-Metropolitan Counties,Lawrence,51,30,21
ALABAMA-Metropolitan Counties,Lee,158,71,87
ALABAMA-Metropolitan Counties,Limestone,105,41,64
ALABAMA-Metropolitan Counties,Lowndes,41,13,28
ALABAMA-Metropolitan Counties,Madison,342,111,231
ALABAMA-Metropolitan Counties,Mobile,487,167,320
ALABAMA-Metropolitan Counties,Montgomery,175,129,46
ALABAMA-Metropolitan Counties,Morgan,173,55,118
ALABAMA-Metropolitan Counties,Russell,97,40,57
ALABAMA-Metropolitan Counties,Shelby,204,118,86
ALABAMA-Metropolitan Counties,St. Clair,48,42,6
ALABAMA-Metropolitan Counties,Tuscaloosa,199,98,101
ALABAMA-Metropolitan Counties,Walker,91,32,59
ALABAMA-Nonmetropolitan Counties,Baldwin,282,102,180
ALABAMA-Nonmetropolitan Counties,Barbour,33,14,19
ALABAMA-Nonmetropolitan Counties,Bullock,12,5,7
ALABAMA-Nonmetropolitan Counties,Butler,11,9,2
ALABAMA-Nonmetropolitan Counties,Chambers,52,23,29
ALABAMA-Nonmetropolitan Counties,Cherokee,43,22,21
ALABAMA-Nonmetropolitan Counties,Choctaw,14,6,8
ALABAMA-Nonmetropolitan Counties,Clarke,36,13,23
ALABAMA-Nonmetropolitan Counties,Clay,23,7,16
ALABAMA-Nonmetropolitan Counties,Cleburne,28,12,16
ALABAMA-Nonmetropolitan Counties,Coffee,42,20,22
ALABAMA-Nonmetropolitan Counties,Coosa,23,12,11
ALABAMA-Nonmetropolitan Counties,Covington,28,26,2
ALABAMA-Nonmetropolitan Counties,Crenshaw,9,7,2
ALABAMA-Nonmetropolitan Counties,Cullman,137,77,60
ALABAMA-Nonmetropolitan Counties,Dale,41,22,19
ALABAMA-Nonmetropolitan Counties,Dallas,50,25,25
ALABAMA-Nonmetropolitan Counties,De Kalb,87,36,51
ALABAMA-Nonmetropolitan Counties,Escambia,93,26,67
ALABAMA-Nonmetropolitan Counties,Fayette,17,12,5
ALABAMA-Nonmetropolitan Counties,Franklin,48,17,31
ALABAMA-Nonmetropolitan Counties,Jackson,72,33,39
ALABAMA-Nonmetropolitan Counties,Lamar,19,7,12
ALABAMA-Nonmetropolitan Counties,Macon,37,18,19
ALABAMA-Nonmetropolitan Counties,Marengo,26,10,16
ALABAMA-Nonmetropolitan Counties,Monroe,53,18,35
ALABAMA-Nonmetropolitan Counties,Perry,19,8,11
ALABAMA-Nonmetropolitan Counties,Pickens,32,8,24
ALABAMA-Nonmetropolitan Counties,Pike,26,16,10
ALABAMA-Nonmetropolitan Counties,Randolph,36,15,21
ALABAMA-Nonmetropolitan Counties,Sumter,24,7,17
ALABAMA-Nonmetropolitan Counties,Tallapoosa,55,24,31
ALABAMA-Nonmetropolitan Counties,Washington,18,8,10
ALABAMA-Nonmetropolitan Counties,Wilcox,29,9,20
ARIZONA-Metropolitan Counties,Coconino,229,55,174
ARIZONA-Metropolitan Counties,Maricopa,"3,210",688,"2,522"
ARIZONA-Metropolitan Counties,Mohave,277,92,185
ARIZONA-Metropolitan Counties,Pinal,620,207,413
ARIZONA-Metropolitan Counties,Yavapai,170,121,49
ARIZONA-Metropolitan Counties,Yuma,347,89,258
ARIZONA-Nonmetropolitan Counties,Apache,83,29,54
ARIZONA-Nonmetropolitan Counties,Cochise,195,83,112
ARIZONA-Nonmetropolitan Counties,Gila,141,50,91
ARIZONA-Nonmetropolitan Counties,Graham,75,21,54
ARIZONA-Nonmetropolitan Counties,Greenlee,42,16,26
ARIZONA-Nonmetropolitan Counties,La Paz,82,29,53
ARIZONA-Nonmetropolitan Counties,Navajo,148,53,95
ARIZONA-Nonmetropolitan Counties,Santa Cruz,116,40,76
ARKANSAS-Metropolitan Counties,Benton,217,136,81
ARKANSAS-Metropolitan Counties,Cleveland,12,9,3
ARKANSAS-Metropolitan Counties,Craighead,107,30,77
ARKANSAS-Metropolitan Counties,Crawford,63,31,32
ARKANSAS-Metropolitan Counties,Crittenden,149,40,109
ARKANSAS-Metropolitan Counties,Faulkner,153,51,102
ARKANSAS-Metropolitan Counties,Franklin,21,10,11
ARKANSAS-Metropolitan Counties,Garland,135,50,85
ARKANSAS-Metropolitan Counties,Grant,17,14,3
ARKANSAS-Metropolitan Counties,Jefferson,173,55,118
ARKANSAS-Metropolitan Counties,Lincoln,21,8,13
ARKANSAS-Metropolitan Counties,Lonoke,55,26,29
ARKANSAS-Metropolitan Counties,Madison,17,9,8
ARKANSAS-Metropolitan Counties,Miller,64,25,39
ARKANSAS-Metropolitan Counties,Perry,18,10,8
ARKANSAS-Metropolitan Counties,Poinsett,41,13,28
ARKANSAS-Metropolitan Counties,Pulaski,512,133,379
ARKANSAS-Metropolitan Counties,Saline,92,44,48
ARKANSAS-Metropolitan Counties,Sebastian,148,111,37
ARKANSAS-Metropolitan Counties,Washington,293,153,140
ARKANSAS-Nonmetropolitan Counties,Arkansas,10,10,0
ARKANSAS-Nonmetropolitan Counties,Ashley,45,21,24
ARKANSAS-Nonmetropolitan Counties,Baxter,50,32,18
ARKANSAS-Nonmetropolitan Counties,Boone,56,23,33
ARKANSAS-Nonmetropolitan Counties,Bradley,6,4,2
ARKANSAS-Nonmetropolitan Counties,Calhoun,12,6,6
ARKANSAS-Nonmetropolitan Counties,Carroll,22,19,3
ARKANSAS-Nonmetropolitan Counties,Chicot,8,7,1
ARKANSAS-Nonmetropolitan Counties,Clark,28,14,14
ARKANSAS-Nonmetropolitan Counties,Clay,22,12,10
ARKANSAS-Nonmetropolitan Counties,Cleburne,39,23,16
ARKANSAS-Nonmetropolitan Counties,Columbia,36,18,18
ARKANSAS-Nonmetropolitan Counties,Conway,36,17,19
ARKANSAS-Nonmetropolitan Counties,Cross,38,16,22
ARKANSAS-Nonmetropolitan Counties,Dallas,24,5,19
ARKANSAS-Nonmetropolitan Counties,Desha,7,6,1
ARKANSAS-Nonmetropolitan Counties,Drew,11,10,1
ARKANSAS-Nonmetropolitan Counties,Fulton,14,6,8
ARKANSAS-Nonmetropolitan Counties,Greene,49,16,33
ARKANSAS-Nonmetropolitan Counties,Hempstead,52,21,31
ARKANSAS-Nonmetropolitan Counties,Hot Spring,27,15,12
ARKANSAS-Nonmetropolitan Counties,Howard,24,10,14
ARKANSAS-Nonmetropolitan Counties,Independence,76,50,26
ARKANSAS-Nonmetropolitan Counties,Izard,27,13,14
ARKANSAS-Nonmetropolitan Counties,Jackson,21,12,9
ARKANSAS-Nonmetropolitan Counties,Johnson,34,14,20
ARKANSAS-Nonmetropolitan Counties,Lafayette,21,7,14
ARKANSAS-Nonmetropolitan Counties,Lawrence,28,15,13
ARKANSAS-Nonmetropolitan Counties,Lee,10,5,5
ARKANSAS-Nonmetropolitan Counties,Little River,17,12,5
ARKANSAS-Nonmetropolitan Counties,Logan,25,12,13
ARKANSAS-Nonmetropolitan Counties,Marion,20,18,2
ARKANSAS-Nonmetropolitan Counties,Mississippi,93,34,59
ARKANSAS-Nonmetropolitan Counties,Monroe,13,5,8
ARKANSAS-Nonmetropolitan Counties,Montgomery,16,8,8
ARKANSAS-Nonmetropolitan Counties,Nevada,16,5,11
ARKANSAS-Nonmetropolitan Counties,Newton,8,6,2
ARKANSAS-Nonmetropolitan Counties,Ouachita,39,15,24
ARKANSAS-Nonmetropolitan Counties,Phillips,18,15,3
ARKANSAS-Nonmetropolitan Counties,Pike,21,8,13
ARKANSAS-Nonmetropolitan Counties,Polk,24,11,13
ARKANSAS-Nonmetropolitan Counties,Pope,38,31,7
ARKANSAS-Nonmetropolitan Counties,Prairie,17,7,10
ARKANSAS-Nonmetropolitan Counties,Randolph,20,10,10
ARKANSAS-Nonmetropolitan Counties,Scott,28,8,20
ARKANSAS-Nonmetropolitan Counties,Searcy,12,9,3
ARKANSAS-Nonmetropolitan Counties,Sevier,29,14,15
ARKANSAS-Nonmetropolitan Counties,Sharp,31,13,18
ARKANSAS-Nonmetropolitan Counties,St. Francis,39,20,19
ARKANSAS-Nonmetropolitan Counties,Stone,18,9,9
ARKANSAS-Nonmetropolitan Counties,Union,59,27,32
ARKANSAS-Nonmetropolitan Counties,Van Buren,32,14,18
ARKANSAS-Nonmetropolitan Counties,White,96,49,47
ARKANSAS-Nonmetropolitan Counties,Woodruff,14,6,8
ARKANSAS-Nonmetropolitan Counties,Yell,26,14,12
CALIFORNIA-Metropolitan Counties,Alameda,"1,599",950,649
CALIFORNIA-Metropolitan Counties,Butte,282,108,174
CALIFORNIA-Metropolitan Counties,Contra Costa,920,618,302
CALIFORNIA-Metropolitan Counties,El Dorado,333,159,174
CALIFORNIA-Metropolitan Counties,Fresno,942,734,208
CALIFORNIA-Metropolitan Counties,Imperial,265,177,88
CALIFORNIA-Metropolitan Counties,Kern,"1,118",838,280
CALIFORNIA-Metropolitan Counties,Kings,206,69,137
CALIFORNIA-Metropolitan Counties,Los Angeles,"16,768","9,197","7,571"
CALIFORNIA-Metropolitan Counties,Madera,99,69,30
CALIFORNIA-Metropolitan Counties,Marin,282,183,99
CALIFORNIA-Metropolitan Counties,Merced,237,116,121
CALIFORNIA-Metropolitan Counties,Monterey,381,283,98
CALIFORNIA-Metropolitan Counties,Napa,130,103,27
CALIFORNIA-Metropolitan Counties,Orange,"3,459","1,948","1,511"
CALIFORNIA-Metropolitan Counties,Placer,405,216,189
CALIFORNIA-Metropolitan Counties,Riverside,"3,729","2,021","1,708"
CALIFORNIA-Metropolitan Counties,Sacramento,"1,879","1,193",686
CALIFORNIA-Metropolitan Counties,San Benito,58,27,31
CALIFORNIA-Metropolitan Counties,San Bernardino,"3,029","1,706","1,323"
CALIFORNIA-Metropolitan Counties,San Diego,"3,692","2,196","1,496"
CALIFORNIA-Metropolitan Counties,San Francisco,"1,043",873,170
CALIFORNIA-Metropolitan Counties,San Joaquin,691,284,407
CALIFORNIA-Metropolitan Counties,San Luis Obispo,359,150,209
CALIFORNIA-Metropolitan Counties,San Mateo,601,322,279
CALIFORNIA-Metropolitan Counties,Santa Barbara,600,430,170
CALIFORNIA-Metropolitan Counties,Santa Clara,"1,563","1,189",374
CALIFORNIA-Metropolitan Counties,Santa Cruz,313,138,175
CALIFORNIA-Metropolitan Counties,Shasta,205,131,74
CALIFORNIA-Metropolitan Counties,Solano,415,107,308
CALIFORNIA-Metropolitan Counties,Sonoma,610,444,166
CALIFORNIA-Metropolitan Counties,Stanislaus,509,385,124
CALIFORNIA-Metropolitan Counties,Sutter,127,99,28
CALIFORNIA-Metropolitan Counties,Tulare,653,484,169
CALIFORNIA-Metropolitan Counties,Ventura,"1,194",727,467
CALIFORNIA-Metropolitan Counties,Yolo,242,81,161
CALIFORNIA-Metropolitan Counties,Yuba,168,133,35
CALIFORNIA-Nonmetropolitan Counties,Alpine,18,15,3
CALIFORNIA-Nonmetropolitan Counties,Amador,95,49,46
CALIFORNIA-Nonmetropolitan Counties,Calaveras,92,51,41
CALIFORNIA-Nonmetropolitan Counties,Colusa,65,34,31
CALIFORNIA-Nonmetropolitan Counties,Del Norte,55,27,28
CALIFORNIA-Nonmetropolitan Counties,Glenn,52,18,34
CALIFORNIA-Nonmetropolitan Counties,Humboldt,212,166,46
CALIFORNIA-Nonmetropolitan Counties,Inyo,53,34,19
CALIFORNIA-Nonmetropolitan Counties,Lake,139,51,88
CALIFORNIA-Nonmetropolitan Counties,Lassen,62,45,17
CALIFORNIA-Nonmetropolitan Counties,Mariposa,69,55,14
CALIFORNIA-Nonmetropolitan Counties,Mendocino,138,111,27
CALIFORNIA-Nonmetropolitan Counties,Modoc,23,16,7
CALIFORNIA-Nonmetropolitan Counties,Mono,49,28,21
CALIFORNIA-Nonmetropolitan Counties,Nevada,173,66,107
CALIFORNIA-Nonmetropolitan Counties,Plumas,61,31,30
CALIFORNIA-Nonmetropolitan Counties,Sierra,16,11,5
CALIFORNIA-Nonmetropolitan Counties,Siskiyou,100,77,23
CALIFORNIA-Nonmetropolitan Counties,Tehama,106,72,34
CALIFORNIA-Nonmetropolitan Counties,Trinity,34,19,15
CALIFORNIA-Nonmetropolitan Counties,Tuolumne,128,64,64
COLORADO-Metropolitan Counties,Adams,496,353,143
COLORADO-Metropolitan Counties,Arapahoe,511,248,263
COLORADO-Metropolitan Counties,Boulder,344,214,130
COLORADO-Metropolitan Counties,Clear Creek,72,27,45
COLORADO-Metropolitan Counties,Douglas,423,286,137
COLORADO-Metropolitan Counties,Elbert,33,29,4
COLORADO-Metropolitan Counties,El Paso,636,418,218
COLORADO-Metropolitan Counties,Gilpin,46,29,17
COLORADO-Metropolitan Counties,Jefferson,801,551,250
COLORADO-Metropolitan Counties,Larimer,367,160,207
COLORADO-Metropolitan Counties,Mesa,217,94,123
COLORADO-Metropolitan Counties,Park,55,28,27
COLORADO-Metropolitan Counties,Teller,47,33,14
COLORADO-Metropolitan Counties,Weld,320,86,234
COLORADO-Nonmetropolitan Counties,Alamosa,43,29,14
COLORADO-Nonmetropolitan Counties,Archuleta,35,16,19
COLORADO-Nonmetropolitan Counties,Baca,11,4,7
COLORADO-Nonmetropolitan Counties,Bent,19,8,11
COLORADO-Nonmetropolitan Counties,Chaffee,45,16,29
COLORADO-Nonmetropolitan Counties,Cheyenne,10,5,5
COLORADO-Nonmetropolitan Counties,Conejos,21,7,14
COLORADO-Nonmetropolitan Counties,Costilla,9,6,3
COLORADO-Nonmetropolitan Counties,Crowley,11,6,5
COLORADO-Nonmetropolitan Counties,Custer,22,9,13
COLORADO-Nonmetropolitan Counties,Delta,64,29,35
COLORADO-Nonmetropolitan Counties,Dolores,7,5,2
COLORADO-Nonmetropolitan Counties,Eagle,73,45,28
COLORADO-Nonmetropolitan Counties,Fremont,85,36,49
COLORADO-Nonmetropolitan Counties,Garfield,138,47,91
COLORADO-Nonmetropolitan Counties,Grand,48,19,29
COLORADO-Nonmetropolitan Counties,Gunnison,28,13,15
COLORADO-Nonmetropolitan Counties,Hinsdale,4,3,1
COLORADO-Nonmetropolitan Counties,Huerfano,24,11,13
COLORADO-Nonmetropolitan Counties,Jackson,7,4,3
COLORADO-Nonmetropolitan Counties,Kiowa,7,6,1
COLORADO-Nonmetropolitan Counties,Kit Carson,29,7,22
COLORADO-Nonmetropolitan Counties,Lake,16,8,8
COLORADO-Nonmetropolitan Counties,La Plata,127,98,29
COLORADO-Nonmetropolitan Counties,Las Animas,30,14,16
COLORADO-Nonmetropolitan Counties,Lincoln,21,9,12
COLORADO-Nonmetropolitan Counties,Logan,50,24,26
COLORADO-Nonmetropolitan Counties,Mineral,4,3,1
COLORADO-Nonmetropolitan Counties,Moffat,33,16,17
COLORADO-Nonmetropolitan Counties,Montezuma,71,28,43
COLORADO-Nonmetropolitan Counties,Montrose,114,53,61
COLORADO-Nonmetropolitan Counties,Morgan,50,23,27
COLORADO-Nonmetropolitan Counties,Otero,11,9,2
COLORADO-Nonmetropolitan Counties,Ouray,8,8,0
COLORADO-Nonmetropolitan Counties,Phillips,4,4,0
COLORADO-Nonmetropolitan Counties,Pitkin,42,24,18
COLORADO-Nonmetropolitan Counties,Prowers,32,9,23
COLORADO-Nonmetropolitan Counties,Rio Blanco,31,16,15
COLORADO-Nonmetropolitan Counties,Rio Grande,15,10,5
COLORADO-Nonmetropolitan Counties,Routt,47,42,5
COLORADO-Nonmetropolitan Counties,Saguache,19,8,11
COLORADO-Nonmetropolitan Counties,San Juan,4,3,1
COLORADO-Nonmetropolitan Counties,San Miguel,34,30,4
COLORADO-Nonmetropolitan Counties,Sedgwick,12,6,6
COLORADO-Nonmetropolitan Counties,Summit,58,51,7
COLORADO-Nonmetropolitan Counties,Washington,44,12,32
COLORADO-Nonmetropolitan Counties,Yuma,19,8,11
DELAWARE-Metropolitan Counties,New Castle County Police Department,442,325,117
FLORIDA-Metropolitan Counties,Alachua,495,280,215
FLORIDA-Metropolitan Counties,Baker,140,45,95
FLORIDA-Metropolitan Counties,Bay,274,213,61
FLORIDA-Metropolitan Counties,Brevard,"1,179",500,679
FLORIDA-Metropolitan Counties,Broward,"2,996","1,535","1,461"
FLORIDA-Metropolitan Counties,Charlotte,374,254,120
FLORIDA-Metropolitan Counties,Clay,535,262,273
FLORIDA-Metropolitan Counties,Collier,914,565,349
FLORIDA-Metropolitan Counties,Escambia,"1,105",717,388
FLORIDA-Metropolitan Counties,Flagler,187,130,57
FLORIDA-Metropolitan Counties,Gadsden,75,50,25
FLORIDA-Metropolitan Counties,Gilchrist,52,26,26
FLORIDA-Metropolitan Counties,Hernando,506,322,184
FLORIDA-Metropolitan Counties,Hillsborough,"3,326","1,246","2,080"
FLORIDA-Metropolitan Counties,Indian River,481,332,149
FLORIDA-Metropolitan Counties,Jefferson,52,22,30
FLORIDA-Metropolitan Counties,Lake,449,290,159
FLORIDA-Metropolitan Counties,Lee,899,548,351
FLORIDA-Metropolitan Counties,Leon,356,241,115
FLORIDA-Metropolitan Counties,Manatee,"1,067",696,371
FLORIDA-Metropolitan Counties,Marion,758,548,210
FLORIDA-Metropolitan Counties,Martin,510,249,261
FLORIDA-Metropolitan Counties,Miami-Dade,"4,266","3,024","1,242"
FLORIDA-Metropolitan Counties,Nassau,209,106,103
FLORIDA-Metropolitan Counties,Okaloosa,342,248,94
FLORIDA-Metropolitan Counties,Orange,"1,962","1,351",611
FLORIDA-Metropolitan Counties,Osceola,593,383,210
FLORIDA-Metropolitan Counties,Palm Beach,"3,236","1,459","1,777"
FLORIDA-Metropolitan Counties,Pasco,"1,135",489,646
FLORIDA-Metropolitan Counties,Pinellas,"1,269",743,526
FLORIDA-Metropolitan Counties,Polk,"1,537",594,943
FLORIDA-Metropolitan Counties,Santa Rosa,259,179,80
FLORIDA-Metropolitan Counties,Sarasota,916,395,521
FLORIDA-Metropolitan Counties,Seminole,"1,079",397,682
FLORIDA-Metropolitan Counties,St. Johns,542,261,281
FLORIDA-Metropolitan Counties,St. Lucie,595,243,352
FLORIDA-Metropolitan Counties,Volusia,720,418,302
FLORIDA-Metropolitan Counties,Wakulla,86,57,29
FLORIDA-Nonmetropolitan Counties,Bradford,48,33,15
FLORIDA-Nonmetropolitan Counties,Calhoun,22,14,8
FLORIDA-Nonmetropolitan Counties,Citrus,366,213,153
FLORIDA-Nonmetropolitan Counties,Columbia,173,93,80
FLORIDA-Nonmetropolitan Counties,DeSoto,75,54,21
FLORIDA-Nonmetropolitan Counties,Dixie,74,28,46
FLORIDA-Nonmetropolitan Counties,Franklin,73,34,39
FLORIDA-Nonmetropolitan Counties,Glades,148,98,50
FLORIDA-Nonmetropolitan Counties,Gulf,42,27,15
FLORIDA-Nonmetropolitan Counties,Hamilton,57,18,39
FLORIDA-Nonmetropolitan Counties,Hardee,96,43,53
FLORIDA-Nonmetropolitan Counties,Hendry,143,73,70
FLORIDA-Nonmetropolitan Counties,Highlands,311,130,181
FLORIDA-Nonmetropolitan Counties,Holmes,32,20,12
FLORIDA-Nonmetropolitan Counties,Jackson,81,61,20
FLORIDA-Nonmetropolitan Counties,Lafayette,10,9,1
FLORIDA-Nonmetropolitan Counties,Levy,145,61,84
FLORIDA-Nonmetropolitan Counties,Liberty,23,17,6
FLORIDA-Nonmetropolitan Counties,Madison,75,33,42
FLORIDA-Nonmetropolitan Counties,Monroe,478,214,264
FLORIDA-Nonmetropolitan Counties,Okeechobee,108,75,33
FLORIDA-Nonmetropolitan Counties,Putnam,177,110,67
FLORIDA-Nonmetropolitan Counties,Sumter,251,171,80
FLORIDA-Nonmetropolitan Counties,Suwannee,102,57,45
FLORIDA-Nonmetropolitan Counties,Taylor,66,57,9
FLORIDA-Nonmetropolitan Counties,Union,18,12,6
FLORIDA-Nonmetropolitan Counties,Walton,227,158,69
FLORIDA-Nonmetropolitan Counties,Washington,74,52,22
GEORGIA-Metropolitan Counties,Augusta-Richmond,722,653,69
GEORGIA-Metropolitan Counties,Baker,8,7,1
GEORGIA-Metropolitan Counties,Barrow,188,141,47
GEORGIA-Metropolitan Counties,Bartow,231,199,32
GEORGIA-Metropolitan Counties,Bibb,345,279,66
GEORGIA-Metropolitan Counties,Brantley,38,20,18
GEORGIA-Metropolitan Counties,Brooks,48,19,29
GEORGIA-Metropolitan Counties,Bryan,70,43,27
GEORGIA-Metropolitan Counties,Butts,72,40,32
GEORGIA-Metropolitan Counties,Carroll,181,99,82
GEORGIA-Metropolitan Counties,Catoosa,138,72,66
GEORGIA-Metropolitan Counties,Chattahoochee,13,7,6
GEORGIA-Metropolitan Counties,Cherokee,400,332,68
GEORGIA-Metropolitan Counties,Clarke,171,149,22
GEORGIA-Metropolitan Counties,Clayton,355,271,84
GEORGIA-Metropolitan Counties,Clayton County Police Department,393,339,54
GEORGIA-Metropolitan Counties,Cobb,732,466,266
GEORGIA-Metropolitan Counties,Cobb County Police Department,642,584,58
GEORGIA-Metropolitan Counties,Columbia,361,303,58
GEORGIA-Metropolitan Counties,Coweta,223,147,76
GEORGIA-Metropolitan Counties,Crawford,34,16,18
GEORGIA-Metropolitan Counties,Dade,24,22,2
GEORGIA-Metropolitan Counties,Dawson,106,61,45
GEORGIA-Metropolitan Counties,DeKalb,794,624,170
GEORGIA-Metropolitan Counties,DeKalb County Police Department,"1,271",972,299
GEORGIA-Metropolitan Counties,Dougherty,62,53,9
GEORGIA-Metropolitan Counties,Dougherty County Police Department,47,39,8
GEORGIA-Metropolitan Counties,Douglas,320,285,35
GEORGIA-Metropolitan Counties,Echols,9,8,1
GEORGIA-Metropolitan Counties,Effingham,122,73,49
GEORGIA-Metropolitan Counties,Fayette,227,149,78
GEORGIA-Metropolitan Counties,Floyd,130,78,52
GEORGIA-Metropolitan Counties,Floyd County Police Department,74,69,5
GEORGIA-Metropolitan Counties,Forsyth,366,285,81
GEORGIA-Metropolitan Counties,Fulton,930,783,147
GEORGIA-Metropolitan Counties,Fulton County Police Department,193,141,52
GEORGIA-Metropolitan Counties,Glynn,50,37,13
GEORGIA-Metropolitan Counties,Glynn County Police Department,128,114,14
GEORGIA-Metropolitan Counties,Gwinnett County Police Department,984,713,271
GEORGIA-Metropolitan Counties,Hall,463,290,173
GEORGIA-Metropolitan Counties,Haralson,67,61,6
GEORGIA-Metropolitan Counties,Harris,52,50,2
GEORGIA-Metropolitan Counties,Heard,42,21,21
GEORGIA-Metropolitan Counties,Henry,292,252,40
GEORGIA-Metropolitan Counties,Henry County Police Department,251,217,34
GEORGIA-Metropolitan Counties,Jasper,31,17,14
GEORGIA-Metropolitan Counties,Jones,72,49,23
GEORGIA-Metropolitan Counties,Lamar,54,27,27
GEORGIA-Metropolitan Counties,Lanier,12,9,3
GEORGIA-Metropolitan Counties,Lee,90,47,43
GEORGIA-Metropolitan Counties,Liberty,129,66,63
GEORGIA-Metropolitan Counties,Long,21,18,3
GEORGIA-Metropolitan Counties,Lowndes,242,159,83
GEORGIA-Metropolitan Counties,Madison,60,38,22
GEORGIA-Metropolitan Counties,McDuffie,50,33,17
GEORGIA-Metropolitan Counties,McIntosh,69,53,16
GEORGIA-Metropolitan Counties,Meriwether,60,34,26
GEORGIA-Metropolitan Counties,Monroe,97,52,45
GEORGIA-Metropolitan Counties,Murray,67,40,27
GEORGIA-Metropolitan Counties,Newton,228,141,87
GEORGIA-Metropolitan Counties,Oconee,87,57,30
GEORGIA-Metropolitan Counties,Oglethorpe,48,19,29
GEORGIA-Metropolitan Counties,Paulding,268,34,234
GEORGIA-Metropolitan Counties,Pickens,84,74,10
GEORGIA-Metropolitan Counties,Rockdale,204,186,18
GEORGIA-Metropolitan Counties,Spalding,175,94,81
GEORGIA-Metropolitan Counties,Twiggs,43,21,22
GEORGIA-Metropolitan Counties,Walton,180,158,22
GEORGIA-Metropolitan Counties,Whitfield,191,166,25
GEORGIA-Metropolitan Counties,Worth,34,25,9
GEORGIA-Nonmetropolitan Counties,Appling,49,16,33
GEORGIA-Nonmetropolitan Counties,Atkinson,12,7,5
GEORGIA-Nonmetropolitan Counties,Baldwin,120,60,60
GEORGIA-Nonmetropolitan Counties,Banks,53,31,22
GEORGIA-Nonmetropolitan Counties,Ben Hill,36,31,5
GEORGIA-Nonmetropolitan Counties,Berrien,27,23,4
GEORGIA-Nonmetropolitan Counties,Bleckley,40,13,27
GEORGIA-Nonmetropolitan Counties,Bulloch,119,51,68
GEORGIA-Nonmetropolitan Counties,Calhoun,15,6,9
GEORGIA-Nonmetropolitan Counties,Camden,123,59,64
GEORGIA-Nonmetropolitan Counties,Charlton,32,18,14
GEORGIA-Nonmetropolitan Counties,Clinch,13,9,4
GEORGIA-Nonmetropolitan Counties,Coffee,123,54,69
GEORGIA-Nonmetropolitan Counties,Cook,43,19,24
GEORGIA-Nonmetropolitan Counties,Crisp,72,67,5
GEORGIA-Nonmetropolitan Counties,Decatur,34,29,5
GEORGIA-Nonmetropolitan Counties,Dodge,35,19,16
GEORGIA-Nonmetropolitan Counties,Dooly,65,25,40
GEORGIA-Nonmetropolitan Counties,Early,52,45,7
GEORGIA-Nonmetropolitan Counties,Elbert,58,53,5
GEORGIA-Nonmetropolitan Counties,Emanuel,31,13,18
GEORGIA-Nonmetropolitan Counties,Evans,20,10,10
GEORGIA-Nonmetropolitan Counties,Fannin,44,42,2
GEORGIA-Nonmetropolitan Counties,Franklin,59,32,27
GEORGIA-Nonmetropolitan Counties,Gordon,86,76,10
GEORGIA-Nonmetropolitan Counties,Grady,47,19,28
GEORGIA-Nonmetropolitan Counties,Greene,51,33,18
GEORGIA-Nonmetropolitan Counties,Habersham,39,37,2
GEORGIA-Nonmetropolitan Counties,Hancock,42,16,26
GEORGIA-Nonmetropolitan Counties,Hart,40,27,13
GEORGIA-Nonmetropolitan Counties,Irwin,21,13,8
GEORGIA-Nonmetropolitan Counties,Jackson,161,108,53
GEORGIA-Nonmetropolitan Counties,Jeff Davis,42,17,25
GEORGIA-Nonmetropolitan Counties,Jefferson,45,42,3
GEORGIA-Nonmetropolitan Counties,Johnson,17,8,9
GEORGIA-Nonmetropolitan Counties,Laurens,100,59,41
GEORGIA-Nonmetropolitan Counties,Lumpkin,72,63,9
GEORGIA-Nonmetropolitan Counties,Morgan,54,26,28
GEORGIA-Nonmetropolitan Counties,Peach,65,31,34
GEORGIA-Nonmetropolitan Counties,Pierce,30,14,16
GEORGIA-Nonmetropolitan Counties,Polk County Police Department,40,37,3
GEORGIA-Nonmetropolitan Counties,Pulaski,35,25,10
GEORGIA-Nonmetropolitan Counties,Putnam,66,35,31
GEORGIA-Nonmetropolitan Counties,Rabun,53,51,2
GEORGIA-Nonmetropolitan Counties,Schley,7,3,4
GEORGIA-Nonmetropolitan Counties,Seminole,28,15,13
GEORGIA-Nonmetropolitan Counties,Stephens,66,33,33
GEORGIA-Nonmetropolitan Counties,Stewart,8,4,4
GEORGIA-Nonmetropolitan Counties,Talbot,12,8,4
GEORGIA-Nonmetropolitan Counties,Taliaferro,14,8,6
GEORGIA-Nonmetropolitan Counties,Tattnall,34,19,15
GEORGIA-Nonmetropolitan Counties,Telfair,16,14,2
GEORGIA-Nonmetropolitan Counties,Thomas,77,42,35
GEORGIA-Nonmetropolitan Counties,Tift,111,49,62
GEORGIA-Nonmetropolitan Counties,Treutlen,19,9,10
GEORGIA-Nonmetropolitan Counties,Troup,127,75,52
GEORGIA-Nonmetropolitan Counties,Turner,33,15,18
GEORGIA-Nonmetropolitan Counties,Union,39,36,3
GEORGIA-Nonmetropolitan Counties,Upson,65,34,31
GEORGIA-Nonmetropolitan Counties,Ware,125,45,80
GEORGIA-Nonmetropolitan Counties,Warren,13,6,7
GEORGIA-Nonmetropolitan Counties,Washington,41,24,17
GEORGIA-Nonmetropolitan Counties,Wayne,54,29,25
GEORGIA-Nonmetropolitan Counties,Webster,6,5,1
GEORGIA-Nonmetropolitan Counties,White,65,42,23
GEORGIA-Nonmetropolitan Counties,Wilcox,17,9,8
GEORGIA-Nonmetropolitan Counties,Wilkes,27,14,13
GEORGIA-Nonmetropolitan Counties,Wilkinson,27,16,11
HAWAII-Nonmetropolitan Counties,Hawaii Police Department,551,424,127
HAWAII-Nonmetropolitan Counties,Kauai Police Department,176,129,47
HAWAII-Nonmetropolitan Counties,Maui Police Department,462,344,118
IDAHO-Metropolitan Counties,Ada,394,131,263
IDAHO-Metropolitan Counties,Bannock,66,40,26
IDAHO-Metropolitan Counties,Boise,20,11,9
IDAHO-Metropolitan Counties,Bonneville,95,64,31
IDAHO-Metropolitan Counties,Canyon,209,110,99
IDAHO-Metropolitan Counties,Franklin,15,12,3
IDAHO-Metropolitan Counties,Gem,24,13,11
IDAHO-Metropolitan Counties,Jefferson,32,17,15
IDAHO-Metropolitan Counties,Kootenai,163,89,74
IDAHO-Metropolitan Counties,Nez Perce,43,23,20
IDAHO-Metropolitan Counties,Owyhee,20,11,9
IDAHO-Metropolitan Counties,Power,17,9,8
IDAHO-Nonmetropolitan Counties,Adams,25,19,6
IDAHO-Nonmetropolitan Counties,Bear Lake,12,6,6
IDAHO-Nonmetropolitan Counties,Benewah,17,9,8
IDAHO-Nonmetropolitan Counties,Bingham,51,32,19
IDAHO-Nonmetropolitan Counties,Blaine,27,18,9
IDAHO-Nonmetropolitan Counties,Bonner,49,35,14
IDAHO-Nonmetropolitan Counties,Boundary,21,11,10
IDAHO-Nonmetropolitan Counties,Butte,12,4,8
IDAHO-Nonmetropolitan Counties,Camas,6,4,2
IDAHO-Nonmetropolitan Counties,Caribou,15,9,6
IDAHO-Nonmetropolitan Counties,Cassia,53,33,20
IDAHO-Nonmetropolitan Counties,Clark,7,3,4
IDAHO-Nonmetropolitan Counties,Clearwater,24,16,8
IDAHO-Nonmetropolitan Counties,Custer,12,6,6
IDAHO-Nonmetropolitan Counties,Elmore,42,21,21
IDAHO-Nonmetropolitan Counties,Fremont,27,18,9
IDAHO-Nonmetropolitan Counties,Gooding,18,13,5
IDAHO-Nonmetropolitan Counties,Idaho,32,22,10
IDAHO-Nonmetropolitan Counties,Jerome,23,17,6
IDAHO-Nonmetropolitan Counties,Latah,40,25,15
IDAHO-Nonmetropolitan Counties,Lemhi,9,8,1
IDAHO-Nonmetropolitan Counties,Lewis,10,5,5
IDAHO-Nonmetropolitan Counties,Lincoln,9,6,3
IDAHO-Nonmetropolitan Counties,Madison,33,23,10
IDAHO-Nonmetropolitan Counties,Minidoka,30,19,11
IDAHO-Nonmetropolitan Counties,Oneida,13,8,5
IDAHO-Nonmetropolitan Counties,Payette,32,17,15
IDAHO-Nonmetropolitan Counties,Shoshone,28,17,11
IDAHO-Nonmetropolitan Counties,Teton,24,12,12
IDAHO-Nonmetropolitan Counties,Twin Falls,66,44,22
IDAHO-Nonmetropolitan Counties,Valley,29,15,14
IDAHO-Nonmetropolitan Counties,Washington,20,12,8
ILLINOIS-Metropolitan Counties,Alexander,11,7,4
ILLINOIS-Metropolitan Counties,Bond,19,11,8
ILLINOIS-Metropolitan Counties,Boone,91,35,56
ILLINOIS-Metropolitan Counties,Calhoun,9,5,4
ILLINOIS-Metropolitan Counties,Champaign,154,54,100
ILLINOIS-Metropolitan Counties,Clinton,36,15,21
ILLINOIS-Metropolitan Counties,Cook,"6,596","2,132","4,464"
ILLINOIS-Metropolitan Counties,De Kalb,93,40,53
ILLINOIS-Metropolitan Counties,Du Page,555,423,132
ILLINOIS-Metropolitan Counties,Ford,27,7,20
ILLINOIS-Metropolitan Counties,Grundy,65,31,34
ILLINOIS-Metropolitan Counties,Henry,64,23,41
ILLINOIS-Metropolitan Counties,Jersey,31,13,18
ILLINOIS-Metropolitan Counties,Kane,114,86,28
ILLINOIS-Metropolitan Counties,Kankakee,198,57,141
ILLINOIS-Metropolitan Counties,Kendall,120,58,62
ILLINOIS-Metropolitan Counties,Lake,498,188,310
ILLINOIS-Metropolitan Counties,Macon,135,63,72
ILLINOIS-Metropolitan Counties,Macoupin,49,33,16
ILLINOIS-Metropolitan Counties,Madison,164,80,84
ILLINOIS-Metropolitan Counties,Marshall,18,8,10
ILLINOIS-Metropolitan Counties,McHenry,391,106,285
ILLINOIS-Metropolitan Counties,McLean,136,55,81
ILLINOIS-Metropolitan Counties,Menard,18,8,10
ILLINOIS-Metropolitan Counties,Monroe,34,15,19
ILLINOIS-Metropolitan Counties,Piatt,32,10,22
ILLINOIS-Metropolitan Counties,Rock Island,150,64,86
ILLINOIS-Metropolitan Counties,Sangamon,200,64,136
ILLINOIS-Metropolitan Counties,Stark,13,5,8
ILLINOIS-Metropolitan Counties,St. Clair,181,170,11
ILLINOIS-Metropolitan Counties,Tazewell,113,41,72
ILLINOIS-Metropolitan Counties,Vermilion,87,39,48
ILLINOIS-Metropolitan Counties,Winnebago,344,101,243
ILLINOIS-Metropolitan Counties,Woodford,38,37,1
ILLINOIS-Nonmetropolitan Counties,Adams,57,57,0
ILLINOIS-Nonmetropolitan Counties,Brown,9,8,1
ILLINOIS-Nonmetropolitan Counties,Bureau,36,18,18
ILLINOIS-Nonmetropolitan Counties,Carroll,24,9,15
ILLINOIS-Nonmetropolitan Counties,Cass,8,7,1
ILLINOIS-Nonmetropolitan Counties,Christian,37,18,19
ILLINOIS-Nonmetropolitan Counties,Clark,18,9,9
ILLINOIS-Nonmetropolitan Counties,Clay,15,10,5
ILLINOIS-Nonmetropolitan Counties,Coles,45,24,21
ILLINOIS-Nonmetropolitan Counties,Crawford,20,9,11
ILLINOIS-Nonmetropolitan Counties,Cumberland,15,6,9
ILLINOIS-Nonmetropolitan Counties,De Witt,45,13,32
ILLINOIS-Nonmetropolitan Counties,Douglas,32,13,19
ILLINOIS-Nonmetropolitan Counties,Edgar,18,7,11
ILLINOIS-Nonmetropolitan Counties,Edwards,7,4,3
ILLINOIS-Nonmetropolitan Counties,Effingham,47,19,28
ILLINOIS-Nonmetropolitan Counties,Fayette,27,11,16
ILLINOIS-Nonmetropolitan Counties,Franklin,48,17,31
ILLINOIS-Nonmetropolitan Counties,Fulton,43,21,22
ILLINOIS-Nonmetropolitan Counties,Gallatin,4,4,0
ILLINOIS-Nonmetropolitan Counties,Greene,13,6,7
ILLINOIS-Nonmetropolitan Counties,Hardin,4,2,2
ILLINOIS-Nonmetropolitan Counties,Henderson,8,7,1
ILLINOIS-Nonmetropolitan Counties,Iroquois,24,13,11
ILLINOIS-Nonmetropolitan Counties,Jackson,76,27,49
ILLINOIS-Nonmetropolitan Counties,Jasper,11,6,5
ILLINOIS-Nonmetropolitan Counties,Jefferson,71,21,50
ILLINOIS-Nonmetropolitan Counties,Jo Daviess,37,19,18
ILLINOIS-Nonmetropolitan Counties,Johnson,13,7,6
ILLINOIS-Nonmetropolitan Counties,Knox,59,22,37
ILLINOIS-Nonmetropolitan Counties,La Salle,112,42,70
ILLINOIS-Nonmetropolitan Counties,Lawrence,23,7,16
ILLINOIS-Nonmetropolitan Counties,Lee,39,21,18
ILLINOIS-Nonmetropolitan Counties,Logan,29,19,10
ILLINOIS-Nonmetropolitan Counties,Mason,21,9,12
ILLINOIS-Nonmetropolitan Counties,Massac,28,13,15
ILLINOIS-Nonmetropolitan Counties,McDonough,25,13,12
ILLINOIS-Nonmetropolitan Counties,Montgomery,40,15,25
ILLINOIS-Nonmetropolitan Counties,Morgan,40,15,25
ILLINOIS-Nonmetropolitan Counties,Moultrie,10,9,1
ILLINOIS-Nonmetropolitan Counties,Ogle,68,28,40
ILLINOIS-Nonmetropolitan Counties,Pike,26,12,14
ILLINOIS-Nonmetropolitan Counties,Pope,6,3,3
ILLINOIS-Nonmetropolitan Counties,Pulaski,12,8,4
ILLINOIS-Nonmetropolitan Counties,Putnam,13,8,5
ILLINOIS-Nonmetropolitan Counties,Randolph,28,12,16
ILLINOIS-Nonmetropolitan Counties,Richland,26,8,18
ILLINOIS-Nonmetropolitan Counties,Saline,48,13,35
ILLINOIS-Nonmetropolitan Counties,Schuyler,9,5,4
ILLINOIS-Nonmetropolitan Counties,Scott,6,2,4
ILLINOIS-Nonmetropolitan Counties,Shelby,25,12,13
ILLINOIS-Nonmetropolitan Counties,Stephenson,56,25,31
ILLINOIS-Nonmetropolitan Counties,Union,19,18,1
ILLINOIS-Nonmetropolitan Counties,Wabash,9,4,5
ILLINOIS-Nonmetropolitan Counties,Washington,25,10,15
ILLINOIS-Nonmetropolitan Counties,Wayne,21,11,10
ILLINOIS-Nonmetropolitan Counties,White,13,6,7
ILLINOIS-Nonmetropolitan Counties,Whiteside,33,20,13
INDIANA-Metropolitan Counties,Allen,328,124,204
INDIANA-Metropolitan Counties,Bartholomew,95,40,55
INDIANA-Metropolitan Counties,Benton,20,7,13
INDIANA-Metropolitan Counties,Boone,60,28,32
INDIANA-Metropolitan Counties,Brown,38,13,25
INDIANA-Metropolitan Counties,Clay,43,13,30
INDIANA-Metropolitan Counties,Dearborn,83,30,53
INDIANA-Metropolitan Counties,Delaware,107,42,65
INDIANA-Metropolitan Counties,Elkhart,179,72,107
INDIANA-Metropolitan Counties,Floyd,96,31,65
INDIANA-Metropolitan Counties,Franklin,39,27,12
INDIANA-Metropolitan Counties,Gibson,43,17,26
INDIANA-Metropolitan Counties,Greene,40,14,26
INDIANA-Metropolitan Counties,Hamilton,227,61,166
INDIANA-Metropolitan Counties,Hancock,70,39,31
INDIANA-Metropolitan Counties,Harrison,57,22,35
INDIANA-Metropolitan Counties,Hendricks,99,43,56
INDIANA-Metropolitan Counties,Howard,138,33,105
INDIANA-Metropolitan Counties,Jasper,54,23,31
INDIANA-Metropolitan Counties,Johnson,142,112,30
INDIANA-Metropolitan Counties,La Porte,159,60,99
INDIANA-Metropolitan Counties,Madison,98,49,49
INDIANA-Metropolitan Counties,Monroe,112,36,76
INDIANA-Metropolitan Counties,Morgan,29,25,4
INDIANA-Metropolitan Counties,Newton,44,18,26
INDIANA-Metropolitan Counties,Ohio,9,9,0
INDIANA-Metropolitan Counties,Owen,32,12,20
INDIANA-Metropolitan Counties,Porter,155,65,90
INDIANA-Metropolitan Counties,Posey,13,12,1
INDIANA-Metropolitan Counties,Putnam,34,17,17
INDIANA-Metropolitan Counties,Shelby,84,29,55
INDIANA-Metropolitan Counties,St. Joseph,263,107,156
INDIANA-Metropolitan Counties,Sullivan,35,10,25
INDIANA-Metropolitan Counties,Tippecanoe,140,46,94
INDIANA-Metropolitan Counties,Tipton,26,10,16
INDIANA-Metropolitan Counties,Vanderburgh,241,102,139
INDIANA-Metropolitan Counties,Vermillion,27,9,18
INDIANA-Metropolitan Counties,Vigo,89,38,51
INDIANA-Metropolitan Counties,Warrick,80,38,42
INDIANA-Metropolitan Counties,Washington,35,12,23
INDIANA-Metropolitan Counties,Wells,39,15,24
INDIANA-Metropolitan Counties,Whitley,47,15,32
INDIANA-Nonmetropolitan Counties,Adams,41,16,25
INDIANA-Nonmetropolitan Counties,Blackford,30,9,21
INDIANA-Nonmetropolitan Counties,Cass,51,17,34
INDIANA-Nonmetropolitan Counties,Crawford,15,8,7
INDIANA-Nonmetropolitan Counties,Daviess,63,19,44
INDIANA-Nonmetropolitan Counties,DeKalb,62,23,39
INDIANA-Nonmetropolitan Counties,Dubois,36,16,20
INDIANA-Nonmetropolitan Counties,Fayette,35,11,24
INDIANA-Nonmetropolitan Counties,Fountain,20,8,12
INDIANA-Nonmetropolitan Counties,Fulton,25,10,15
INDIANA-Nonmetropolitan Counties,Grant,117,45,72
INDIANA-Nonmetropolitan Counties,Henry,62,27,35
INDIANA-Nonmetropolitan Counties,Huntington,39,14,25
INDIANA-Nonmetropolitan Counties,Jackson,53,15,38
INDIANA-Nonmetropolitan Counties,Jay,43,11,32
INDIANA-Nonmetropolitan Counties,Jefferson,34,16,18
INDIANA-Nonmetropolitan Counties,Knox,41,16,25
INDIANA-Nonmetropolitan Counties,Kosciusko,77,36,41
INDIANA-Nonmetropolitan Counties,LaGrange,56,18,38
INDIANA-Nonmetropolitan Counties,Lawrence,66,25,41
INDIANA-Nonmetropolitan Counties,Marshall,58,21,37
INDIANA-Nonmetropolitan Counties,Martin,19,7,12
INDIANA-Nonmetropolitan Counties,Miami,49,15,34
INDIANA-Nonmetropolitan Counties,Montgomery,65,19,46
INDIANA-Nonmetropolitan Counties,Noble,72,20,52
INDIANA-Nonmetropolitan Counties,Orange,27,9,18
INDIANA-Nonmetropolitan Counties,Parke,37,11,26
INDIANA-Nonmetropolitan Counties,Perry,16,7,9
INDIANA-Nonmetropolitan Counties,Pike,26,9,17
INDIANA-Nonmetropolitan Counties,Pulaski,42,13,29
INDIANA-Nonmetropolitan Counties,Randolph,40,15,25
INDIANA-Nonmetropolitan Counties,Ripley,28,10,18
INDIANA-Nonmetropolitan Counties,Rush,26,11,15
INDIANA-Nonmetropolitan Counties,Scott,14,12,2
INDIANA-Nonmetropolitan Counties,Starke,26,12,14
INDIANA-Nonmetropolitan Counties,Steuben,61,21,40
INDIANA-Nonmetropolitan Counties,Union,11,6,5
INDIANA-Nonmetropolitan Counties,Wabash,31,12,19
INDIANA-Nonmetropolitan Counties,Warren,20,7,13
INDIANA-Nonmetropolitan Counties,Wayne,113,68,45
INDIANA-Nonmetropolitan Counties,White,36,13,23
IOWA-Metropolitan Counties,Benton,25,12,13
IOWA-Metropolitan Counties,Black Hawk,134,102,32
IOWA-Metropolitan Counties,Bremer,31,11,20
IOWA-Metropolitan Counties,Dallas,47,22,25
IOWA-Metropolitan Counties,Dubuque,86,73,13
IOWA-Metropolitan Counties,Grundy,16,12,4
IOWA-Metropolitan Counties,Guthrie,10,5,5
IOWA-Metropolitan Counties,Harrison,27,10,17
IOWA-Metropolitan Counties,Johnson,84,66,18
IOWA-Metropolitan Counties,Jones,21,8,13
IOWA-Metropolitan Counties,Linn,177,116,61
IOWA-Metropolitan Counties,Madison,15,7,8
IOWA-Metropolitan Counties,Mills,19,11,8
IOWA-Metropolitan Counties,Pottawattamie,192,49,143
IOWA-Metropolitan Counties,Scott,153,44,109
IOWA-Metropolitan Counties,Story,80,31,49
IOWA-Metropolitan Counties,Warren,34,23,11
IOWA-Metropolitan Counties,Washington,30,17,13
IOWA-Metropolitan Counties,Woodbury,100,35,65
IOWA-Nonmetropolitan Counties,Adair,14,6,8
IOWA-Nonmetropolitan Counties,Adams,11,6,5
IOWA-Nonmetropolitan Counties,Allamakee,14,8,6
IOWA-Nonmetropolitan Counties,Appanoose,14,7,7
IOWA-Nonmetropolitan Counties,Audubon,8,5,3
IOWA-Nonmetropolitan Counties,Boone,28,11,17
IOWA-Nonmetropolitan Counties,Buchanan,27,13,14
IOWA-Nonmetropolitan Counties,Buena Vista,30,13,17
IOWA-Nonmetropolitan Counties,Butler,20,12,8
IOWA-Nonmetropolitan Counties,Calhoun,11,6,5
IOWA-Nonmetropolitan Counties,Carroll,14,9,5
IOWA-Nonmetropolitan Counties,Cass,11,8,3
IOWA-Nonmetropolitan Counties,Cedar,39,11,28
IOWA-Nonmetropolitan Counties,Cerro Gordo,67,18,49
IOWA-Nonmetropolitan Counties,Cherokee,17,6,11
IOWA-Nonmetropolitan Counties,Chickasaw,13,8,5
IOWA-Nonmetropolitan Counties,Clarke,17,6,11
IOWA-Nonmetropolitan Counties,Clay,17,9,8
IOWA-Nonmetropolitan Counties,Clayton,27,13,14
IOWA-Nonmetropolitan Counties,Clinton,41,24,17
IOWA-Nonmetropolitan Counties,Crawford,13,10,3
IOWA-Nonmetropolitan Counties,Davis,12,5,7
IOWA-Nonmetropolitan Counties,Decatur,10,10,0
IOWA-Nonmetropolitan Counties,Delaware,17,13,4
IOWA-Nonmetropolitan Counties,Des Moines,43,20,23
IOWA-Nonmetropolitan Counties,Dickinson,20,9,11
IOWA-Nonmetropolitan Counties,Emmet,16,8,8
IOWA-Nonmetropolitan Counties,Fayette,31,9,22
IOWA-Nonmetropolitan Counties,Floyd,20,11,9
IOWA-Nonmetropolitan Counties,Franklin,10,7,3
IOWA-Nonmetropolitan Counties,Fremont,17,7,10
IOWA-Nonmetropolitan Counties,Greene,16,7,9
IOWA-Nonmetropolitan Counties,Hamilton,29,10,19
IOWA-Nonmetropolitan Counties,Hancock,10,7,3
IOWA-Nonmetropolitan Counties,Hardin,27,10,17
IOWA-Nonmetropolitan Counties,Henry,27,12,15
IOWA-Nonmetropolitan Counties,Howard,14,7,7
IOWA-Nonmetropolitan Counties,Humboldt,14,8,6
IOWA-Nonmetropolitan Counties,Ida,16,9,7
IOWA-Nonmetropolitan Counties,Iowa,26,12,14
IOWA-Nonmetropolitan Counties,Jackson,15,9,6
IOWA-Nonmetropolitan Counties,Jasper,44,14,30
IOWA-Nonmetropolitan Counties,Jefferson,30,10,20
IOWA-Nonmetropolitan Counties,Kossuth,25,9,16
IOWA-Nonmetropolitan Counties,Lee,30,15,15
IOWA-Nonmetropolitan Counties,Louisa,32,10,22
IOWA-Nonmetropolitan Counties,Lucas,13,5,8
IOWA-Nonmetropolitan Counties,Mahaska,26,9,17
IOWA-Nonmetropolitan Counties,Marion,33,12,21
IOWA-Nonmetropolitan Counties,Marshall,54,19,35
IOWA-Nonmetropolitan Counties,Mitchell,15,6,9
IOWA-Nonmetropolitan Counties,Monona,18,8,10
IOWA-Nonmetropolitan Counties,Monroe,11,5,6
IOWA-Nonmetropolitan Counties,Montgomery,20,8,12
IOWA-Nonmetropolitan Counties,Muscatine,69,22,47
IOWA-Nonmetropolitan Counties,O'Brien,28,9,19
IOWA-Nonmetropolitan Counties,Osceola,12,8,4
IOWA-Nonmetropolitan Counties,Page,15,8,7
IOWA-Nonmetropolitan Counties,Palo Alto,15,8,7
IOWA-Nonmetropolitan Counties,Plymouth,28,10,18
IOWA-Nonmetropolitan Counties,Pocahontas,17,7,10
IOWA-Nonmetropolitan Counties,Poweshick,25,11,14
IOWA-Nonmetropolitan Counties,Ringgold,11,5,6
IOWA-Nonmetropolitan Counties,Sac,19,8,11
IOWA-Nonmetropolitan Counties,Shelby,14,8,6
IOWA-Nonmetropolitan Counties,Sioux,37,14,23
IOWA-Nonmetropolitan Counties,Tama,22,13,9
IOWA-Nonmetropolitan Counties,Taylor,9,5,4
IOWA-Nonmetropolitan Counties,Union,12,6,6
IOWA-Nonmetropolitan Counties,Van Buren,11,5,6
IOWA-Nonmetropolitan Counties,Wapello,38,10,28
IOWA-Nonmetropolitan Counties,Wayne,16,5,11
IOWA-Nonmetropolitan Counties,Webster,27,16,11
IOWA-Nonmetropolitan Counties,Winnebago,10,6,4
IOWA-Nonmetropolitan Counties,Winneshiek,23,10,13
IOWA-Nonmetropolitan Counties,Worth,20,8,12
IOWA-Nonmetropolitan Counties,Wright,20,8,12
KANSAS-Metropolitan Counties,Butler,110,64,46
KANSAS-Metropolitan Counties,Doniphan,14,4,10
KANSAS-Metropolitan Counties,Douglas,135,81,54
KANSAS-Metropolitan Counties,Franklin,57,27,30
KANSAS-Metropolitan Counties,Geary,86,29,57
KANSAS-Metropolitan Counties,Harvey,38,17,21
KANSAS-Metropolitan Counties,Jackson,23,16,7
KANSAS-Metropolitan Counties,Jefferson,39,23,16
KANSAS-Metropolitan Counties,Johnson,576,462,114
KANSAS-Metropolitan Counties,Leavenworth,93,54,39
KANSAS-Metropolitan Counties,Linn,21,11,10
KANSAS-Metropolitan Counties,Miami,43,24,19
KANSAS-Metropolitan Counties,Osage,44,24,20
KANSAS-Metropolitan Counties,Pottawatomie,40,23,17
KANSAS-Metropolitan Counties,Riley County Police Department,193,103,90
KANSAS-Metropolitan Counties,Sedgwick,513,173,340
KANSAS-Metropolitan Counties,Shawnee,195,112,83
KANSAS-Metropolitan Counties,Sumner,43,20,23
KANSAS-Metropolitan Counties,Wabaunsee,20,9,11
KANSAS-Metropolitan Counties,Wyandotte,182,65,117
KANSAS-Nonmetropolitan Counties,Allen,37,9,28
KANSAS-Nonmetropolitan Counties,Anderson,29,9,20
KANSAS-Nonmetropolitan Counties,Barber,9,4,5
KANSAS-Nonmetropolitan Counties,Barton,40,19,21
KANSAS-Nonmetropolitan Counties,Bourbon,11,9,2
KANSAS-Nonmetropolitan Counties,Brown,23,7,16
KANSAS-Nonmetropolitan Counties,Chase,9,5,4
KANSAS-Nonmetropolitan Counties,Cherokee,49,20,29
KANSAS-Nonmetropolitan Counties,Cheyenne,4,4,0
KANSAS-Nonmetropolitan Counties,Clark,11,6,5
KANSAS-Nonmetropolitan Counties,Clay,20,8,12
KANSAS-Nonmetropolitan Counties,Cloud,16,9,7
KANSAS-Nonmetropolitan Counties,Coffey,31,13,18
KANSAS-Nonmetropolitan Counties,Cowley,52,22,30
KANSAS-Nonmetropolitan Counties,Crawford,69,32,37
KANSAS-Nonmetropolitan Counties,Decatur,3,3,0
KANSAS-Nonmetropolitan Counties,Dickinson,28,16,12
KANSAS-Nonmetropolitan Counties,Edwards,10,6,4
KANSAS-Nonmetropolitan Counties,Elk,9,4,5
KANSAS-Nonmetropolitan Counties,Ellis,29,17,12
KANSAS-Nonmetropolitan Counties,Ellsworth,16,8,8
KANSAS-Nonmetropolitan Counties,Finney,92,35,57
KANSAS-Nonmetropolitan Counties,Ford,64,27,37
KANSAS-Nonmetropolitan Counties,Gove,4,3,1
KANSAS-Nonmetropolitan Counties,Graham,7,3,4
KANSAS-Nonmetropolitan Counties,Grant,16,7,9
KANSAS-Nonmetropolitan Counties,Greenwood,21,12,9
KANSAS-Nonmetropolitan Counties,Hamilton,12,6,6
KANSAS-Nonmetropolitan Counties,Harper,7,6,1
KANSAS-Nonmetropolitan Counties,Haskell,16,11,5
KANSAS-Nonmetropolitan Counties,Hodgeman,8,4,4
KANSAS-Nonmetropolitan Counties,Kearny,21,12,9
KANSAS-Nonmetropolitan Counties,Kingman,17,7,10
KANSAS-Nonmetropolitan Counties,Kiowa,19,8,11
KANSAS-Nonmetropolitan Counties,Labette,35,17,18
KANSAS-Nonmetropolitan Counties,Lane,10,5,5
KANSAS-Nonmetropolitan Counties,Lincoln,12,7,5
KANSAS-Nonmetropolitan Counties,Logan,4,3,1
KANSAS-Nonmetropolitan Counties,Lyon,90,25,65
KANSAS-Nonmetropolitan Counties,Marshall,20,8,12
KANSAS-Nonmetropolitan Counties,McPherson,34,16,18
KANSAS-Nonmetropolitan Counties,Meade,16,5,11
KANSAS-Nonmetropolitan Counties,Mitchell,17,7,10
KANSAS-Nonmetropolitan Counties,Montgomery,34,24,10
KANSAS-Nonmetropolitan Counties,Morton,11,6,5
KANSAS-Nonmetropolitan Counties,Nemaha,18,9,9
KANSAS-Nonmetropolitan Counties,Neosho,37,14,23
KANSAS-Nonmetropolitan Counties,Ness,12,7,5
KANSAS-Nonmetropolitan Counties,Norton,10,5,5
KANSAS-Nonmetropolitan Counties,Osborne,14,8,6
KANSAS-Nonmetropolitan Counties,Ottawa,19,6,13
KANSAS-Nonmetropolitan Counties,Pawnee,15,8,7
KANSAS-Nonmetropolitan Counties,Pratt,14,8,6
KANSAS-Nonmetropolitan Counties,Rawlins,8,3,5
KANSAS-Nonmetropolitan Counties,Reno,80,43,37
KANSAS-Nonmetropolitan Counties,Republic,13,8,5
KANSAS-Nonmetropolitan Counties,Rush,9,4,5
KANSAS-Nonmetropolitan Counties,Russell,19,11,8
KANSAS-Nonmetropolitan Counties,Saline,101,47,54
KANSAS-Nonmetropolitan Counties,Scott,7,3,4
KANSAS-Nonmetropolitan Counties,Seward,47,16,31
KANSAS-Nonmetropolitan Counties,Sheridan,6,3,3
KANSAS-Nonmetropolitan Counties,Sherman,12,7,5
KANSAS-Nonmetropolitan Counties,Smith,6,5,1
KANSAS-Nonmetropolitan Counties,Stafford,9,4,5
KANSAS-Nonmetropolitan Counties,Thomas,13,12,1
KANSAS-Nonmetropolitan Counties,Trego,4,3,1
KANSAS-Nonmetropolitan Counties,Wallace,6,2,4
KANSAS-Nonmetropolitan Counties,Washington,15,7,8
KANSAS-Nonmetropolitan Counties,Wichita,8,4,4
KENTUCKY-Metropolitan Counties,Boone,138,130,8
KENTUCKY-Metropolitan Counties,Bourbon,9,8,1
KENTUCKY-Metropolitan Counties,Boyd,35,28,7
KENTUCKY-Metropolitan Counties,Bullitt,48,43,5
KENTUCKY-Metropolitan Counties,Campbell,12,9,3
KENTUCKY-Metropolitan Counties,Campbell County Police Department,32,31,1
KENTUCKY-Metropolitan Counties,Christian,34,30,4
KENTUCKY-Metropolitan Counties,Clark,17,13,4
KENTUCKY-Metropolitan Counties,Daviess,45,40,5
KENTUCKY-Metropolitan Counties,Edmonson,9,7,2
KENTUCKY-Metropolitan Counties,Gallatin,11,10,1
KENTUCKY-Metropolitan Counties,Greenup,17,15,2
KENTUCKY-Metropolitan Counties,Hardin,39,27,12
KENTUCKY-Metropolitan Counties,Henry,9,8,1
KENTUCKY-Metropolitan Counties,Jefferson,268,216,52
KENTUCKY-Metropolitan Counties,Jessamine,32,24,8
KENTUCKY-Metropolitan Counties,Kenton County Police Department,35,33,2
KENTUCKY-Metropolitan Counties,Meade,12,9,3
KENTUCKY-Metropolitan Counties,Nelson,30,23,7
KENTUCKY-Metropolitan Counties,Oldham,16,14,2
KENTUCKY-Metropolitan Counties,Pendleton,7,6,1
KENTUCKY-Metropolitan Counties,Scott,33,31,2
KENTUCKY-Metropolitan Counties,Shelby,25,23,2
KENTUCKY-Metropolitan Counties,Spencer,8,7,1
KENTUCKY-Metropolitan Counties,Trigg,8,5,3
KENTUCKY-Metropolitan Counties,Trimble,1,1,0
KENTUCKY-Metropolitan Counties,Warren,79,56,23
KENTUCKY-Metropolitan Counties,Webster,9,7,2
KENTUCKY-Metropolitan Counties,Woodford,13,9,4
KENTUCKY-Nonmetropolitan Counties,Adair,8,6,2
KENTUCKY-Nonmetropolitan Counties,Anderson,16,14,2
KENTUCKY-Nonmetropolitan Counties,Barren,22,18,4
KENTUCKY-Nonmetropolitan Counties,Bath,4,3,1
KENTUCKY-Nonmetropolitan Counties,Bell,25,15,10
KENTUCKY-Nonmetropolitan Counties,Breckinridge,10,8,2
KENTUCKY-Nonmetropolitan Counties,Butler,8,6,2
KENTUCKY-Nonmetropolitan Counties,Caldwell,9,7,2
KENTUCKY-Nonmetropolitan Counties,Calloway,22,11,11
KENTUCKY-Nonmetropolitan Counties,Carlisle,3,2,1
KENTUCKY-Nonmetropolitan Counties,Carroll,5,4,1
KENTUCKY-Nonmetropolitan Counties,Carter,11,9,2
KENTUCKY-Nonmetropolitan Counties,Casey,8,6,2
KENTUCKY-Nonmetropolitan Counties,Clinton,5,4,1
KENTUCKY-Nonmetropolitan Counties,Crittenden,4,3,1
KENTUCKY-Nonmetropolitan Counties,Cumberland,5,4,1
KENTUCKY-Nonmetropolitan Counties,Fleming,8,8,0
KENTUCKY-Nonmetropolitan Counties,Franklin,22,18,4
KENTUCKY-Nonmetropolitan Counties,Fulton,4,3,1
KENTUCKY-Nonmetropolitan Counties,Garrard,9,8,1
KENTUCKY-Nonmetropolitan Counties,Graves,14,11,3
KENTUCKY-Nonmetropolitan Counties,Grayson,11,8,3
KENTUCKY-Nonmetropolitan Counties,Green,5,5,0
KENTUCKY-Nonmetropolitan Counties,Harlan,24,20,4
KENTUCKY-Nonmetropolitan Counties,Harrison,10,10,0
KENTUCKY-Nonmetropolitan Counties,Hopkins,26,18,8
KENTUCKY-Nonmetropolitan Counties,Jackson,13,6,7
KENTUCKY-Nonmetropolitan Counties,Johnson,14,11,3
KENTUCKY-Nonmetropolitan Counties,Knott,9,6,3
KENTUCKY-Nonmetropolitan Counties,Knox,12,8,4
KENTUCKY-Nonmetropolitan Counties,Laurel,33,28,5
KENTUCKY-Nonmetropolitan Counties,Lawrence,9,6,3
KENTUCKY-Nonmetropolitan Counties,Lee,4,2,2
KENTUCKY-Nonmetropolitan Counties,Leslie,9,5,4
KENTUCKY-Nonmetropolitan Counties,Letcher,13,11,2
KENTUCKY-Nonmetropolitan Counties,Lewis,5,3,2
KENTUCKY-Nonmetropolitan Counties,Lincoln,11,9,2
KENTUCKY-Nonmetropolitan Counties,Livingston,7,6,1
KENTUCKY-Nonmetropolitan Counties,Logan,19,19,0
KENTUCKY-Nonmetropolitan Counties,Lyon,5,5,0
KENTUCKY-Nonmetropolitan Counties,Madison,30,22,8
KENTUCKY-Nonmetropolitan Counties,Magoffin,5,4,1
KENTUCKY-Nonmetropolitan Counties,Marion,9,7,2
KENTUCKY-Nonmetropolitan Counties,Marshall,25,22,3
KENTUCKY-Nonmetropolitan Counties,McCracken,44,38,6
KENTUCKY-Nonmetropolitan Counties,McCreary,8,6,2
KENTUCKY-Nonmetropolitan Counties,Mercer,16,7,9
KENTUCKY-Nonmetropolitan Counties,Metcalfe,6,4,2
KENTUCKY-Nonmetropolitan Counties,Monroe,7,4,3
KENTUCKY-Nonmetropolitan Counties,Muhlenberg,16,15,1
KENTUCKY-Nonmetropolitan Counties,Nicholas,1,1,0
KENTUCKY-Nonmetropolitan Counties,Owen,7,5,2
KENTUCKY-Nonmetropolitan Counties,Owsley,3,2,1
KENTUCKY-Nonmetropolitan Counties,Perry County Police Department,2,2,0
KENTUCKY-Nonmetropolitan Counties,Pike,28,17,11
KENTUCKY-Nonmetropolitan Counties,Rockcastle,4,3,1
KENTUCKY-Nonmetropolitan Counties,Rowan,15,11,4
KENTUCKY-Nonmetropolitan Counties,Russell,11,10,1
KENTUCKY-Nonmetropolitan Counties,Taylor,14,12,2
KENTUCKY-Nonmetropolitan Counties,Todd,6,4,2
KENTUCKY-Nonmetropolitan Counties,Union,9,8,1
KENTUCKY-Nonmetropolitan Counties,Washington,8,6,2
KENTUCKY-Nonmetropolitan Counties,Wayne,12,10,2
KENTUCKY-Nonmetropolitan Counties,Whitley,16,12,4
KENTUCKY-Nonmetropolitan Counties,Wolfe,4,3,1
LOUISIANA-Metropolitan Counties,Ascension,281,244,37
LOUISIANA-Metropolitan Counties,Bossier,375,300,75
LOUISIANA-Metropolitan Counties,Caddo,658,433,225
LOUISIANA-Metropolitan Counties,Calcasieu,845,431,414
LOUISIANA-Metropolitan Counties,Cameron,70,60,10
LOUISIANA-Metropolitan Counties,De Soto,114,95,19
LOUISIANA-Metropolitan Counties,East Baton Rouge,876,763,113
LOUISIANA-Metropolitan Counties,East Feliciana,55,55,0
LOUISIANA-Metropolitan Counties,Jefferson,"1,404",809,595
LOUISIANA-Metropolitan Counties,Lafayette,634,459,175
LOUISIANA-Metropolitan Counties,Lafourche,360,314,46
LOUISIANA-Metropolitan Counties,Livingston,233,233,0
LOUISIANA-Metropolitan Counties,Ouachita,390,390,0
LOUISIANA-Metropolitan Counties,Plaquemines,162,161,1
LOUISIANA-Metropolitan Counties,Pointe Coupee,95,95,0
LOUISIANA-Metropolitan Counties,Rapides,463,362,101
LOUISIANA-Metropolitan Counties,St. Bernard,272,244,28
LOUISIANA-Metropolitan Counties,St. Charles,363,263,100
LOUISIANA-Metropolitan Counties,St. Helena,50,25,25
LOUISIANA-Metropolitan Counties,St. John the Baptist,252,216,36
LOUISIANA-Metropolitan Counties,St. Martin,284,134,150
LOUISIANA-Metropolitan Counties,St. Tammany,706,432,274
LOUISIANA-Metropolitan Counties,Terrebonne,359,359,0
LOUISIANA-Metropolitan Counties,Union,54,38,16
LOUISIANA-Metropolitan Counties,West Baton Rouge,179,127,52
LOUISIANA-Metropolitan Counties,West Feliciana,74,48,26
LOUISIANA-Nonmetropolitan Counties,Acadia,105,53,52
LOUISIANA-Nonmetropolitan Counties,Allen,60,34,26
LOUISIANA-Nonmetropolitan Counties,Assymption,78,46,32
LOUISIANA-Nonmetropolitan Counties,Beauregard,74,54,20
LOUISIANA-Nonmetropolitan Counties,Bienville,56,34,22
LOUISIANA-Nonmetropolitan Counties,Caldwell,31,30,1
LOUISIANA-Nonmetropolitan Counties,Claiborne,97,38,59
LOUISIANA-Nonmetropolitan Counties,Evangeline,57,22,35
LOUISIANA-Nonmetropolitan Counties,Jackson,185,185,0
LOUISIANA-Nonmetropolitan Counties,Jefferson Davis,60,48,12
LOUISIANA-Nonmetropolitan Counties,La Salle,45,25,20
LOUISIANA-Nonmetropolitan Counties,Lincoln,64,47,17
LOUISIANA-Nonmetropolitan Counties,Morehouse,147,38,109
LOUISIANA-Nonmetropolitan Counties,Natchitoches,87,61,26
LOUISIANA-Nonmetropolitan Counties,Red River,39,20,19
LOUISIANA-Nonmetropolitan Counties,Sabine,77,77,0
LOUISIANA-Nonmetropolitan Counties,St. James,96,74,22
LOUISIANA-Nonmetropolitan Counties,St. Mary,198,180,18
LOUISIANA-Nonmetropolitan Counties,Tangipahoa,291,113,178
LOUISIANA-Nonmetropolitan Counties,Tensas,29,29,0
LOUISIANA-Nonmetropolitan Counties,Vermilion,130,64,66
LOUISIANA-Nonmetropolitan Counties,Vernon,149,104,45
LOUISIANA-Nonmetropolitan Counties,Washington,90,68,22
LOUISIANA-Nonmetropolitan Counties,Webster,142,46,96
LOUISIANA-Nonmetropolitan Counties,West Carroll,20,20,0
LOUISIANA-Nonmetropolitan Counties,Winn,22,22,0
MAINE-Metropolitan Counties,Androscoggin,28,18,10
MAINE-Metropolitan Counties,Cumberland,70,59,11
MAINE-Metropolitan Counties,Penobscot,31,26,5
MAINE-Metropolitan Counties,Sagadahoc,23,20,3
MAINE-Metropolitan Counties,York,30,27,3
MAINE-Nonmetropolitan Counties,Aroostook,17,15,2
MAINE-Nonmetropolitan Counties,Franklin,25,15,10
MAINE-Nonmetropolitan Counties,Hancock,18,16,2
MAINE-Nonmetropolitan Counties,Kennebec,28,25,3
MAINE-Nonmetropolitan Counties,Knox,20,20,0
MAINE-Nonmetropolitan Counties,Lincoln,25,23,2
MAINE-Nonmetropolitan Counties,Oxford,22,21,1
MAINE-Nonmetropolitan Counties,Piscataquis,18,7,11
MAINE-Nonmetropolitan Counties,Somerset,17,15,2
MAINE-Nonmetropolitan Counties,Waldo,20,18,2
MAINE-Nonmetropolitan Counties,Washington,13,12,1
MARYLAND-Metropolitan Counties,Allegany,29,27,2
MARYLAND-Metropolitan Counties,Anne Arundel,95,69,26
MARYLAND-Metropolitan Counties,Anne Arundel County Police Department,870,658,212
MARYLAND-Metropolitan Counties,Baltimore County,97,82,15
MARYLAND-Metropolitan Counties,Baltimore County Police Department,"2,181","1,877",304
MARYLAND-Metropolitan Counties,Calvert,125,104,21
MARYLAND-Metropolitan Counties,Carroll,115,84,31
MARYLAND-Metropolitan Counties,Cecil,96,84,12
MARYLAND-Metropolitan Counties,Charles,418,288,130
MARYLAND-Metropolitan Counties,Frederick,227,166,61
MARYLAND-Metropolitan Counties,Harford,371,287,84
MARYLAND-Metropolitan Counties,Howard,67,49,18
MARYLAND-Metropolitan Counties,Howard County Police Department,626,444,182
MARYLAND-Metropolitan Counties,Montgomery,165,136,29
MARYLAND-Metropolitan Counties,Montgomery County Police Department,"1,551","1,143",408
MARYLAND-Metropolitan Counties,Prince George's,311,223,88
MARYLAND-Metropolitan Counties,Prince George's County Police Department,"1,853","1,558",295
MARYLAND-Metropolitan Counties,Queen Anne's,50,47,3
MARYLAND-Metropolitan Counties,Somerset,22,19,3
MARYLAND-Metropolitan Counties,Washington,238,93,145
MARYLAND-Metropolitan Counties,Wicomico,104,83,21
MARYLAND-Nonmetropolitan Counties,Caroline,32,29,3
MARYLAND-Nonmetropolitan Counties,Dorchester,38,34,4
MARYLAND-Nonmetropolitan Counties,Garrett,51,29,22
MARYLAND-Nonmetropolitan Counties,Kent,25,20,5
MARYLAND-Nonmetropolitan Counties,St. Mary's,273,136,137
MARYLAND-Nonmetropolitan Counties,Talbot,32,29,3
MARYLAND-Nonmetropolitan Counties,Worcester,57,46,11
MICHIGAN-Metropolitan Counties,Barry,52,31,21
MICHIGAN-Metropolitan Counties,Bay,81,36,45
MICHIGAN-Metropolitan Counties,Berrien,161,72,89
MICHIGAN-Metropolitan Counties,Calhoun,170,76,94
MICHIGAN-Metropolitan Counties,Cass,70,33,37
MICHIGAN-Metropolitan Counties,Clinton,59,25,34
MICHIGAN-Metropolitan Counties,Eaton,135,70,65
MICHIGAN-Metropolitan Counties,Genesee,209,117,92
MICHIGAN-Metropolitan Counties,Ingham,171,103,68
MICHIGAN-Metropolitan Counties,Ionia,53,22,31
MICHIGAN-Metropolitan Counties,Jackson,129,53,76
MICHIGAN-Metropolitan Counties,Kalamazoo,204,139,65
MICHIGAN-Metropolitan Counties,Kent,499,191,308
MICHIGAN-Metropolitan Counties,Lapeer,77,46,31
MICHIGAN-Metropolitan Counties,Livingston,109,63,46
MICHIGAN-Metropolitan Counties,Macomb,472,238,234
MICHIGAN-Metropolitan Counties,Monroe,158,71,87
MICHIGAN-Metropolitan Counties,Muskegon,111,96,15
MICHIGAN-Metropolitan Counties,Newaygo,62,25,37
MICHIGAN-Metropolitan Counties,Oakland,996,806,190
MICHIGAN-Metropolitan Counties,Ottawa,223,128,95
MICHIGAN-Metropolitan Counties,Saginaw,129,66,63
MICHIGAN-Metropolitan Counties,St. Clair,164,67,97
MICHIGAN-Metropolitan Counties,Van Buren,93,58,35
MICHIGAN-Metropolitan Counties,Washtenaw,297,139,158
MICHIGAN-Metropolitan Counties,Wayne,980,891,89
MICHIGAN-Nonmetropolitan Counties,Alcona,25,14,11
MICHIGAN-Nonmetropolitan Counties,Alger,11,9,2
MICHIGAN-Nonmetropolitan Counties,Allegan,56,48,8
MICHIGAN-Nonmetropolitan Counties,Alpena,25,12,13
MICHIGAN-Nonmetropolitan Counties,Antrim,48,20,28
MICHIGAN-Nonmetropolitan Counties,Arenac,21,12,9
MICHIGAN-Nonmetropolitan Counties,Baraga,13,6,7
MICHIGAN-Nonmetropolitan Counties,Benzie,35,11,24
MICHIGAN-Nonmetropolitan Counties,Branch,49,25,24
MICHIGAN-Nonmetropolitan Counties,Charlevoix,39,19,20
MICHIGAN-Nonmetropolitan Counties,Cheboygan,35,18,17
MICHIGAN-Nonmetropolitan Counties,Chippewa,37,15,22
MICHIGAN-Nonmetropolitan Counties,Clare,29,24,5
MICHIGAN-Nonmetropolitan Counties,Crawford,26,16,10
MICHIGAN-Nonmetropolitan Counties,Delta,27,13,14
MICHIGAN-Nonmetropolitan Counties,Dickinson,33,13,20
MICHIGAN-Nonmetropolitan Counties,Emmet,46,24,22
MICHIGAN-Nonmetropolitan Counties,Gladwin,40,16,24
MICHIGAN-Nonmetropolitan Counties,Gogebic,21,14,7
MICHIGAN-Nonmetropolitan Counties,Grand Traverse,123,65,58
MICHIGAN-Nonmetropolitan Counties,Gratiot,35,19,16
MICHIGAN-Nonmetropolitan Counties,Hillsdale,40,25,15
MICHIGAN-Nonmetropolitan Counties,Houghton,28,19,9
MICHIGAN-Nonmetropolitan Counties,Huron,45,21,24
MICHIGAN-Nonmetropolitan Counties,Iosco,22,4,18
MICHIGAN-Nonmetropolitan Counties,Iron,18,9,9
MICHIGAN-Nonmetropolitan Counties,Isabella,48,22,26
MICHIGAN-Nonmetropolitan Counties,Kalkaska,34,16,18
MICHIGAN-Nonmetropolitan Counties,Keweenaw,8,6,2
MICHIGAN-Nonmetropolitan Counties,Lake,74,17,57
MICHIGAN-Nonmetropolitan Counties,Leelanau,19,18,1
MICHIGAN-Nonmetropolitan Counties,Lenawee,97,42,55
MICHIGAN-Nonmetropolitan Counties,Luce,5,4,1
MICHIGAN-Nonmetropolitan Counties,Mackinac,24,11,13
MICHIGAN-Nonmetropolitan Counties,Manistee,32,15,17
MICHIGAN-Nonmetropolitan Counties,Marquette,57,24,33
MICHIGAN-Nonmetropolitan Counties,Mason,40,20,20
MICHIGAN-Nonmetropolitan Counties,Mecosta,48,23,25
MICHIGAN-Nonmetropolitan Counties,Menominee,30,13,17
MICHIGAN-Nonmetropolitan Counties,Midland,56,28,28
MICHIGAN-Nonmetropolitan Counties,Missaukee,28,13,15
MICHIGAN-Nonmetropolitan Counties,Montcalm,57,28,29
MICHIGAN-Nonmetropolitan Counties,Montmorency,24,10,14
MICHIGAN-Nonmetropolitan Counties,Oceana,37,21,16
MICHIGAN-Nonmetropolitan Counties,Ogemaw,34,16,18
MICHIGAN-Nonmetropolitan Counties,Ontonagon,11,8,3
MICHIGAN-Nonmetropolitan Counties,Osceola,37,18,19
MICHIGAN-Nonmetropolitan Counties,Oscoda,17,11,6
MICHIGAN-Nonmetropolitan Counties,Otsego,23,10,13
MICHIGAN-Nonmetropolitan Counties,Presque Isle,24,13,11
MICHIGAN-Nonmetropolitan Counties,Roscommon,39,25,14
MICHIGAN-Nonmetropolitan Counties,Sanilac,55,24,31
MICHIGAN-Nonmetropolitan Counties,Schoolcraft,11,3,8
MICHIGAN-Nonmetropolitan Counties,Shiawassee,66,31,35
MICHIGAN-Nonmetropolitan Counties,St. Joseph,50,25,25
MICHIGAN-Nonmetropolitan Counties,Tuscola,49,26,23
MICHIGAN-Nonmetropolitan Counties,Wexford,49,23,26
MINNESOTA-Metropolitan Counties,Anoka,238,122,116
MINNESOTA-Metropolitan Counties,Benton,74,27,47
MINNESOTA-Metropolitan Counties,Blue Earth,92,25,67
MINNESOTA-Metropolitan Counties,Carlton,46,19,27
MINNESOTA-Metropolitan Counties,Carver,146,70,76
MINNESOTA-Metropolitan Counties,Chisago,78,38,40
MINNESOTA-Metropolitan Counties,Clay,67,30,37
MINNESOTA-Metropolitan Counties,Dakota,157,79,78
MINNESOTA-Metropolitan Counties,Dodge,29,22,7
MINNESOTA-Metropolitan Counties,Hennepin,745,330,415
MINNESOTA-Metropolitan Counties,Houston,25,12,13
MINNESOTA-Metropolitan Counties,Isanti,59,20,39
MINNESOTA-Metropolitan Counties,Nicollet,38,12,26
MINNESOTA-Metropolitan Counties,Olmsted,159,61,98
MINNESOTA-Metropolitan Counties,Polk,27,22,5
MINNESOTA-Metropolitan Counties,Ramsey,400,219,181
MINNESOTA-Metropolitan Counties,Scott,124,40,84
MINNESOTA-Metropolitan Counties,Sherburne,240,81,159
MINNESOTA-Metropolitan Counties,Stearns,178,60,118
MINNESOTA-Metropolitan Counties,St. Louis,231,98,133
MINNESOTA-Metropolitan Counties,Wabasha,29,17,12
MINNESOTA-Metropolitan Counties,Washington,223,90,133
MINNESOTA-Metropolitan Counties,Wright,229,137,92
MINNESOTA-Nonmetropolitan Counties,Aitkin,46,17,29
MINNESOTA-Nonmetropolitan Counties,Becker,56,21,35
MINNESOTA-Nonmetropolitan Counties,Beltrami,69,30,39
MINNESOTA-Nonmetropolitan Counties,Big Stone,8,5,3
MINNESOTA-Nonmetropolitan Counties,Brown,36,10,26
MINNESOTA-Nonmetropolitan Counties,Cass,58,37,21
MINNESOTA-Nonmetropolitan Counties,Chippewa,18,8,10
MINNESOTA-Nonmetropolitan Counties,Clearwater,24,10,14
MINNESOTA-Nonmetropolitan Counties,Cook,19,11,8
MINNESOTA-Nonmetropolitan Counties,Cottonwood,19,9,10
MINNESOTA-Nonmetropolitan Counties,Crow Wing,116,36,80
MINNESOTA-Nonmetropolitan Counties,Douglas,76,33,43
MINNESOTA-Nonmetropolitan Counties,Faribault,26,9,17
MINNESOTA-Nonmetropolitan Counties,Fillmore,31,19,12
MINNESOTA-Nonmetropolitan Counties,Freeborn,65,24,41
MINNESOTA-Nonmetropolitan Counties,Goodhue,100,40,60
MINNESOTA-Nonmetropolitan Counties,Grant,11,6,5
MINNESOTA-Nonmetropolitan Counties,Hubbard,42,16,26
MINNESOTA-Nonmetropolitan Counties,Itasca,68,52,16
MINNESOTA-Nonmetropolitan Counties,Jackson,25,13,12
MINNESOTA-Nonmetropolitan Counties,Kanabec,47,19,28
MINNESOTA-Nonmetropolitan Counties,Kandiyohi,102,33,69
MINNESOTA-Nonmetropolitan Counties,Kittson,10,5,5
MINNESOTA-Nonmetropolitan Counties,Koochiching,18,10,8
MINNESOTA-Nonmetropolitan Counties,Lac Qui Parle,8,4,4
MINNESOTA-Nonmetropolitan Counties,Lake,29,17,12
MINNESOTA-Nonmetropolitan Counties,Lake of the Woods,8,4,4
MINNESOTA-Nonmetropolitan Counties,Le Sueur,31,16,15
MINNESOTA-Nonmetropolitan Counties,Lincoln,11,5,6
MINNESOTA-Nonmetropolitan Counties,Lyon,47,14,33
MINNESOTA-Nonmetropolitan Counties,Mahnomen,18,12,6
MINNESOTA-Nonmetropolitan Counties,Marshall,18,12,6
MINNESOTA-Nonmetropolitan Counties,Martin,30,12,18
MINNESOTA-Nonmetropolitan Counties,McLeod,57,23,34
MINNESOTA-Nonmetropolitan Counties,Meeker,44,20,24
MINNESOTA-Nonmetropolitan Counties,Mille Lacs,63,24,39
MINNESOTA-Nonmetropolitan Counties,Morrison,52,19,33
MINNESOTA-Nonmetropolitan Counties,Mower,64,21,43
MINNESOTA-Nonmetropolitan Counties,Murray,13,9,4
MINNESOTA-Nonmetropolitan Counties,Nobles,34,12,22
MINNESOTA-Nonmetropolitan Counties,Norman,8,5,3
MINNESOTA-Nonmetropolitan Counties,Otter Tail,76,31,45
MINNESOTA-Nonmetropolitan Counties,Pennington,28,7,21
MINNESOTA-Nonmetropolitan Counties,Pine,73,28,45
MINNESOTA-Nonmetropolitan Counties,Pipestone,22,12,10
MINNESOTA-Nonmetropolitan Counties,Pope,14,7,7
MINNESOTA-Nonmetropolitan Counties,Red Lake,11,7,4
MINNESOTA-Nonmetropolitan Counties,Redwood,23,12,11
MINNESOTA-Nonmetropolitan Counties,Renville,26,10,16
MINNESOTA-Nonmetropolitan Counties,Rice,48,27,21
MINNESOTA-Nonmetropolitan Counties,Rock,15,10,5
MINNESOTA-Nonmetropolitan Counties,Roseau,20,9,11
MINNESOTA-Nonmetropolitan Counties,Sibley,22,11,11
MINNESOTA-Nonmetropolitan Counties,Steele,25,20,5
MINNESOTA-Nonmetropolitan Counties,Stevens,13,6,7
MINNESOTA-Nonmetropolitan Counties,Swift,15,7,8
MINNESOTA-Nonmetropolitan Counties,Todd,29,14,15
MINNESOTA-Nonmetropolitan Counties,Traverse,12,5,7
MINNESOTA-Nonmetropolitan Counties,Wadena,21,8,13
MINNESOTA-Nonmetropolitan Counties,Waseca,27,11,16
MINNESOTA-Nonmetropolitan Counties,Watonwan,9,8,1
MINNESOTA-Nonmetropolitan Counties,Wilkin,18,6,12
MINNESOTA-Nonmetropolitan Counties,Winona,58,20,38
MINNESOTA-Nonmetropolitan Counties,Yellow Medicine,9,8,1
MISSISSIPPI-Metropolitan Counties,DeSoto,246,101,145
MISSISSIPPI-Metropolitan Counties,George,25,16,9
MISSISSIPPI-Metropolitan Counties,Lamar,76,41,35
MISSISSIPPI-Metropolitan Counties,Madison,118,50,68
MISSISSIPPI-Metropolitan Counties,Rankin,190,80,110
MISSISSIPPI-Metropolitan Counties,Simpson,42,17,25
MISSISSIPPI-Metropolitan Counties,Stone,22,19,3
MISSISSIPPI-Nonmetropolitan Counties,Adams,63,34,29
MISSISSIPPI-Nonmetropolitan Counties,Attala,13,8,5
MISSISSIPPI-Nonmetropolitan Counties,Benton,15,5,10
MISSISSIPPI-Nonmetropolitan Counties,Bolivar,113,18,95
MISSISSIPPI-Nonmetropolitan Counties,Chickasaw,15,14,1
MISSISSIPPI-Nonmetropolitan Counties,Choctaw,12,6,6
MISSISSIPPI-Nonmetropolitan Counties,Claiborne,31,13,18
MISSISSIPPI-Nonmetropolitan Counties,Clarke,13,9,4
MISSISSIPPI-Nonmetropolitan Counties,Covington,17,13,4
MISSISSIPPI-Nonmetropolitan Counties,Greene,16,8,8
MISSISSIPPI-Nonmetropolitan Counties,Holmes,15,12,3
MISSISSIPPI-Nonmetropolitan Counties,Humphreys,13,6,7
MISSISSIPPI-Nonmetropolitan Counties,Issaquena,6,3,3
MISSISSIPPI-Nonmetropolitan Counties,Itawamba,27,14,13
MISSISSIPPI-Nonmetropolitan Counties,Jones,47,41,6
MISSISSIPPI-Nonmetropolitan Counties,Kemper,16,10,6
MISSISSIPPI-Nonmetropolitan Counties,Lauderdale,142,51,91
MISSISSIPPI-Nonmetropolitan Counties,Leake,17,15,2
MISSISSIPPI-Nonmetropolitan Counties,Lee,127,46,81
MISSISSIPPI-Nonmetropolitan Counties,Leflore,32,24,8
MISSISSIPPI-Nonmetropolitan Counties,Lincoln,43,21,22
MISSISSIPPI-Nonmetropolitan Counties,Lowndes,110,44,66
MISSISSIPPI-Nonmetropolitan Counties,Marion,20,16,4
MISSISSIPPI-Nonmetropolitan Counties,Monroe,61,24,37
MISSISSIPPI-Nonmetropolitan Counties,Montgomery,8,7,1
MISSISSIPPI-Nonmetropolitan Counties,Newton,19,10,9
MISSISSIPPI-Nonmetropolitan Counties,Noxubee,11,9,2
MISSISSIPPI-Nonmetropolitan Counties,Oktibbeha,51,27,24
MISSISSIPPI-Nonmetropolitan Counties,Panola,68,28,40
MISSISSIPPI-Nonmetropolitan Counties,Pike,56,28,28
MISSISSIPPI-Nonmetropolitan Counties,Pontotoc,34,18,16
MISSISSIPPI-Nonmetropolitan Counties,Prentiss,32,13,19
MISSISSIPPI-Nonmetropolitan Counties,Tallahatchie,24,12,12
MISSISSIPPI-Nonmetropolitan Counties,Tippah,19,8,11
MISSISSIPPI-Nonmetropolitan Counties,Tishomingo,24,13,11
MISSISSIPPI-Nonmetropolitan Counties,Union,32,17,15
MISSISSIPPI-Nonmetropolitan Counties,Warren,59,36,23
MISSISSIPPI-Nonmetropolitan Counties,Washington,54,36,18
MISSISSIPPI-Nonmetropolitan Counties,Wayne,24,12,12
MISSISSIPPI-Nonmetropolitan Counties,Webster,9,6,3
MISSISSIPPI-Nonmetropolitan Counties,Winston,11,9,2
MISSOURI-Metropolitan Counties,Andrew,15,11,4
MISSOURI-Metropolitan Counties,Bates,39,15,24
MISSOURI-Metropolitan Counties,Bollinger,9,9,0
MISSOURI-Metropolitan Counties,Boone,76,60,16
MISSOURI-Metropolitan Counties,Buchanan,108,77,31
MISSOURI-Metropolitan Counties,Caldwell,36,8,28
MISSOURI-Metropolitan Counties,Callaway,26,24,2
MISSOURI-Metropolitan Counties,Cape Girardeau,70,45,25
MISSOURI-Metropolitan Counties,Cass,85,68,17
MISSOURI-Metropolitan Counties,Christian,73,29,44
MISSOURI-Metropolitan Counties,Clay,185,112,73
MISSOURI-Metropolitan Counties,Clinton,24,18,6
MISSOURI-Metropolitan Counties,Cole,79,51,28
MISSOURI-Metropolitan Counties,Dallas,21,18,3
MISSOURI-Metropolitan Counties,De Kalb,11,5,6
MISSOURI-Metropolitan Counties,Franklin,145,120,25
MISSOURI-Metropolitan Counties,Greene,265,140,125
MISSOURI-Metropolitan Counties,Howard,11,8,3
MISSOURI-Metropolitan Counties,Jackson,129,95,34
MISSOURI-Metropolitan Counties,Jasper,145,100,45
MISSOURI-Metropolitan Counties,Jefferson,207,144,63
MISSOURI-Metropolitan Counties,Lafayette,39,37,2
MISSOURI-Metropolitan Counties,Lincoln,80,39,41
MISSOURI-Metropolitan Counties,McDonald,28,27,1
MISSOURI-Metropolitan Counties,Moniteau,10,5,5
MISSOURI-Metropolitan Counties,Newton,67,34,33
MISSOURI-Metropolitan Counties,Osage,13,9,4
MISSOURI-Metropolitan Counties,Platte,115,81,34
MISSOURI-Metropolitan Counties,Polk,35,22,13
MISSOURI-Metropolitan Counties,Ray,34,13,21
MISSOURI-Metropolitan Counties,St. Charles,223,156,67
MISSOURI-Metropolitan Counties,St. Louis County Police Department,"1,036",788,248
MISSOURI-Metropolitan Counties,Warren,58,32,26
MISSOURI-Metropolitan Counties,Washington,26,18,8
MISSOURI-Metropolitan Counties,Webster,26,15,11
MISSOURI-Nonmetropolitan Counties,Adair,32,14,18
MISSOURI-Nonmetropolitan Counties,Atchison,10,5,5
MISSOURI-Nonmetropolitan Counties,Audrain,41,36,5
MISSOURI-Nonmetropolitan Counties,Barry,35,21,14
MISSOURI-Nonmetropolitan Counties,Benton,19,12,7
MISSOURI-Nonmetropolitan Counties,Butler,39,16,23
MISSOURI-Nonmetropolitan Counties,Camden,113,69,44
MISSOURI-Nonmetropolitan Counties,Carroll,9,8,1
MISSOURI-Nonmetropolitan Counties,Carter,10,5,5
MISSOURI-Nonmetropolitan Counties,Cedar,18,11,7
MISSOURI-Nonmetropolitan Counties,Chariton,16,12,4
MISSOURI-Nonmetropolitan Counties,Clark,19,7,12
MISSOURI-Nonmetropolitan Counties,Cooper,9,8,1
MISSOURI-Nonmetropolitan Counties,Crawford,37,28,9
MISSOURI-Nonmetropolitan Counties,Dade,5,1,4
MISSOURI-Nonmetropolitan Counties,Daviess,6,5,1
MISSOURI-Nonmetropolitan Counties,Dent,18,13,5
MISSOURI-Nonmetropolitan Counties,Douglas,12,6,6
MISSOURI-Nonmetropolitan Counties,Dunklin,12,10,2
MISSOURI-Nonmetropolitan Counties,Gasconade,15,14,1
MISSOURI-Nonmetropolitan Counties,Grundy,14,4,10
MISSOURI-Nonmetropolitan Counties,Henry,37,24,13
MISSOURI-Nonmetropolitan Counties,Hickory,14,9,5
MISSOURI-Nonmetropolitan Counties,Holt,8,5,3
MISSOURI-Nonmetropolitan Counties,Howell,31,22,9
MISSOURI-Nonmetropolitan Counties,Iron,15,10,5
MISSOURI-Nonmetropolitan Counties,Johnson,55,35,20
MISSOURI-Nonmetropolitan Counties,Knox,2,2,0
MISSOURI-Nonmetropolitan Counties,Laclede,23,22,1
MISSOURI-Nonmetropolitan Counties,Lawrence,38,29,9
MISSOURI-Nonmetropolitan Counties,Lewis,10,4,6
MISSOURI-Nonmetropolitan Counties,Linn,7,6,1
MISSOURI-Nonmetropolitan Counties,Livingston,20,9,11
MISSOURI-Nonmetropolitan Counties,Macon,15,12,3
MISSOURI-Nonmetropolitan Counties,Madison,10,8,2
MISSOURI-Nonmetropolitan Counties,Maries,11,9,2
MISSOURI-Nonmetropolitan Counties,Marion,36,15,21
MISSOURI-Nonmetropolitan Counties,Mercer,8,3,5
MISSOURI-Nonmetropolitan Counties,Miller,19,17,2
MISSOURI-Nonmetropolitan Counties,Monroe,8,7,1
MISSOURI-Nonmetropolitan Counties,Montgomery,18,16,2
MISSOURI-Nonmetropolitan Counties,Morgan,48,23,25
MISSOURI-Nonmetropolitan Counties,New Madrid,23,12,11
MISSOURI-Nonmetropolitan Counties,Nodaway,13,11,2
MISSOURI-Nonmetropolitan Counties,Oregon,10,6,4
MISSOURI-Nonmetropolitan Counties,Ozark,14,9,5
MISSOURI-Nonmetropolitan Counties,Pemiscot,38,18,20
MISSOURI-Nonmetropolitan Counties,Perry,30,21,9
MISSOURI-Nonmetropolitan Counties,Pettis,46,28,18
MISSOURI-Nonmetropolitan Counties,Phelps,60,25,35
MISSOURI-Nonmetropolitan Counties,Pike,25,9,16
MISSOURI-Nonmetropolitan Counties,Pulaski,29,12,17
MISSOURI-Nonmetropolitan Counties,Putnam,4,3,1
MISSOURI-Nonmetropolitan Counties,Ralls,6,6,0
MISSOURI-Nonmetropolitan Counties,Randolph,36,18,18
MISSOURI-Nonmetropolitan Counties,Ripley,11,9,2
MISSOURI-Nonmetropolitan Counties,Saline,34,21,13
MISSOURI-Nonmetropolitan Counties,Schuyler,8,3,5
MISSOURI-Nonmetropolitan Counties,Scotland,5,2,3
MISSOURI-Nonmetropolitan Counties,Scott,37,17,20
MISSOURI-Nonmetropolitan Counties,Shannon,8,4,4
MISSOURI-Nonmetropolitan Counties,Shelby,9,5,4
MISSOURI-Nonmetropolitan Counties,St. Clair,66,20,46
MISSOURI-Nonmetropolitan Counties,Ste. Genevieve,48,43,5
MISSOURI-Nonmetropolitan Counties,St. Francois,67,55,12
MISSOURI-Nonmetropolitan Counties,Stoddard,24,12,12
MISSOURI-Nonmetropolitan Counties,Stone,58,49,9
MISSOURI-Nonmetropolitan Counties,Sullivan,4,3,1
MISSOURI-Nonmetropolitan Counties,Taney,51,37,14
MISSOURI-Nonmetropolitan Counties,Texas,13,8,5
MISSOURI-Nonmetropolitan Counties,Vernon,21,9,12
MISSOURI-Nonmetropolitan Counties,Worth,4,3,1
MISSOURI-Nonmetropolitan Counties,Wright,11,4,7
MONTANA-Metropolitan Counties,Carbon,14,9,5
MONTANA-Metropolitan Counties,Cascade,45,34,11
MONTANA-Metropolitan Counties,Missoula,173,48,125
MONTANA-Metropolitan Counties,Yellowstone,150,52,98
MONTANA-Nonmetropolitan Counties,Beaverhead,18,7,11
MONTANA-Nonmetropolitan Counties,Big Horn,28,14,14
MONTANA-Nonmetropolitan Counties,Blaine,13,8,5
MONTANA-Nonmetropolitan Counties,Broadwater,22,9,13
MONTANA-Nonmetropolitan Counties,Carter,5,4,1
MONTANA-Nonmetropolitan Counties,Chouteau,19,9,10
MONTANA-Nonmetropolitan Counties,Custer,15,6,9
MONTANA-Nonmetropolitan Counties,Daniels,3,3,0
MONTANA-Nonmetropolitan Counties,Dawson,7,6,1
MONTANA-Nonmetropolitan Counties,Deer Lodge,37,28,9
MONTANA-Nonmetropolitan Counties,Fallon,10,4,6
MONTANA-Nonmetropolitan Counties,Fergus,21,9,12
MONTANA-Nonmetropolitan Counties,Flathead,107,53,54
MONTANA-Nonmetropolitan Counties,Gallatin,102,48,54
MONTANA-Nonmetropolitan Counties,Garfield,3,2,1
MONTANA-Nonmetropolitan Counties,Glacier,28,12,16
MONTANA-Nonmetropolitan Counties,Golden Valley,2,2,0
MONTANA-Nonmetropolitan Counties,Granite,9,5,4
MONTANA-Nonmetropolitan Counties,Hill,28,12,16
MONTANA-Nonmetropolitan Counties,Jefferson,24,13,11
MONTANA-Nonmetropolitan Counties,Judith Basin,6,4,2
MONTANA-Nonmetropolitan Counties,Lake,58,23,35
MONTANA-Nonmetropolitan Counties,Lewis and Clark,73,44,29
MONTANA-Nonmetropolitan Counties,Liberty,9,5,4
MONTANA-Nonmetropolitan Counties,Lincoln,38,20,18
MONTANA-Nonmetropolitan Counties,Madison,16,10,6
MONTANA-Nonmetropolitan Counties,McCone,6,4,2
MONTANA-Nonmetropolitan Counties,Meagher,9,4,5
MONTANA-Nonmetropolitan Counties,Mineral,18,7,11
MONTANA-Nonmetropolitan Counties,Musselshell,9,8,1
MONTANA-Nonmetropolitan Counties,Park,16,15,1
MONTANA-Nonmetropolitan Counties,Petroleum,1,1,0
MONTANA-Nonmetropolitan Counties,Phillips,11,7,4
MONTANA-Nonmetropolitan Counties,Pondera,9,8,1
MONTANA-Nonmetropolitan Counties,Powder River,6,3,3
MONTANA-Nonmetropolitan Counties,Powell,17,10,7
MONTANA-Nonmetropolitan Counties,Prairie,3,3,0
MONTANA-Nonmetropolitan Counties,Ravalli,61,30,31
MONTANA-Nonmetropolitan Counties,Richland,41,8,33
MONTANA-Nonmetropolitan Counties,Roosevelt,24,11,13
MONTANA-Nonmetropolitan Counties,Rosebud,25,14,11
MONTANA-Nonmetropolitan Counties,Sanders,20,11,9
MONTANA-Nonmetropolitan Counties,Sheridan,8,7,1
MONTANA-Nonmetropolitan Counties,Silver Bow,99,50,49
MONTANA-Nonmetropolitan Counties,Stillwater,14,8,6
MONTANA-Nonmetropolitan Counties,Sweet Grass,13,7,6
MONTANA-Nonmetropolitan Counties,Teton,12,9,3
MONTANA-Nonmetropolitan Counties,Toole,20,12,8
MONTANA-Nonmetropolitan Counties,Treasure,2,2,0
MONTANA-Nonmetropolitan Counties,Valley,17,8,9
MONTANA-Nonmetropolitan Counties,Wheatland,15,10,5
MONTANA-Nonmetropolitan Counties,Wibaux,2,2,0
NEBRASKA-Metropolitan Counties,Cass,70,51,19
NEBRASKA-Metropolitan Counties,Dakota,16,15,1
NEBRASKA-Metropolitan Counties,Dixon,12,7,5
NEBRASKA-Metropolitan Counties,Douglas,201,130,71
NEBRASKA-Metropolitan Counties,Lancaster,96,79,17
NEBRASKA-Metropolitan Counties,Sarpy,196,130,66
NEBRASKA-Metropolitan Counties,Saunders,19,11,8
NEBRASKA-Metropolitan Counties,Seward,22,12,10
NEBRASKA-Nonmetropolitan Counties,Adams,20,18,2
NEBRASKA-Nonmetropolitan Counties,Antelope,11,5,6
NEBRASKA-Nonmetropolitan Counties,Arthur,1,1,0
NEBRASKA-Nonmetropolitan Counties,Banner,1,1,0
NEBRASKA-Nonmetropolitan Counties,Blaine,1,1,0
NEBRASKA-Nonmetropolitan Counties,Boone,12,5,7
NEBRASKA-Nonmetropolitan Counties,Box Butte,18,5,13
NEBRASKA-Nonmetropolitan Counties,Brown,9,5,4
NEBRASKA-Nonmetropolitan Counties,Buffalo,43,24,19
NEBRASKA-Nonmetropolitan Counties,Burt,5,5,0
NEBRASKA-Nonmetropolitan Counties,Butler,12,7,5
NEBRASKA-Nonmetropolitan Counties,Cedar,9,4,5
NEBRASKA-Nonmetropolitan Counties,Chase,8,4,4
NEBRASKA-Nonmetropolitan Counties,Cherry,6,5,1
NEBRASKA-Nonmetropolitan Counties,Cheyenne,8,7,1
NEBRASKA-Nonmetropolitan Counties,Colfax,14,7,7
NEBRASKA-Nonmetropolitan Counties,Cuming,6,5,1
NEBRASKA-Nonmetropolitan Counties,Custer,7,6,1
NEBRASKA-Nonmetropolitan Counties,Dawes,13,6,7
NEBRASKA-Nonmetropolitan Counties,Dawson,65,33,32
NEBRASKA-Nonmetropolitan Counties,Deuel,5,4,1
NEBRASKA-Nonmetropolitan Counties,Dodge,24,17,7
NEBRASKA-Nonmetropolitan Counties,Dundy,8,4,4
NEBRASKA-Nonmetropolitan Counties,Fillmore,12,7,5
NEBRASKA-Nonmetropolitan Counties,Franklin,7,3,4
NEBRASKA-Nonmetropolitan Counties,Frontier,8,5,3
NEBRASKA-Nonmetropolitan Counties,Furnas,15,8,7
NEBRASKA-Nonmetropolitan Counties,Gage,14,11,3
NEBRASKA-Nonmetropolitan Counties,Garden,9,4,5
NEBRASKA-Nonmetropolitan Counties,Garfield,2,2,0
NEBRASKA-Nonmetropolitan Counties,Gosper,5,4,1
NEBRASKA-Nonmetropolitan Counties,Grant,1,1,0
NEBRASKA-Nonmetropolitan Counties,Greeley,3,2,1
NEBRASKA-Nonmetropolitan Counties,Hall,35,29,6
NEBRASKA-Nonmetropolitan Counties,Hamilton,18,9,9
NEBRASKA-Nonmetropolitan Counties,Harlan,8,4,4
NEBRASKA-Nonmetropolitan Counties,Hayes,2,2,0
NEBRASKA-Nonmetropolitan Counties,Hitchcock,7,4,3
NEBRASKA-Nonmetropolitan Counties,Holt,6,5,1
NEBRASKA-Nonmetropolitan Counties,Hooker,2,2,0
NEBRASKA-Nonmetropolitan Counties,Howard,12,5,7
NEBRASKA-Nonmetropolitan Counties,Jefferson,13,7,6
NEBRASKA-Nonmetropolitan Counties,Johnson,13,6,7
NEBRASKA-Nonmetropolitan Counties,Kearney,11,6,5
NEBRASKA-Nonmetropolitan Counties,Keith,14,7,7
NEBRASKA-Nonmetropolitan Counties,Keya Paha,1,1,0
NEBRASKA-Nonmetropolitan Counties,Kimball,9,4,5
NEBRASKA-Nonmetropolitan Counties,Knox,13,4,9
NEBRASKA-Nonmetropolitan Counties,Lincoln,53,22,31
NEBRASKA-Nonmetropolitan Counties,Logan,2,2,0
NEBRASKA-Nonmetropolitan Counties,Loup,1,1,0
NEBRASKA-Nonmetropolitan Counties,Madison,54,27,27
NEBRASKA-Nonmetropolitan Counties,McPherson,1,1,0
NEBRASKA-Nonmetropolitan Counties,Morrill,9,4,5
NEBRASKA-Nonmetropolitan Counties,Nance,11,7,4
NEBRASKA-Nonmetropolitan Counties,Nemaha,5,5,0
NEBRASKA-Nonmetropolitan Counties,Nuckolls,7,4,3
NEBRASKA-Nonmetropolitan Counties,Otoe,25,15,10
NEBRASKA-Nonmetropolitan Counties,Pawnee,5,4,1
NEBRASKA-Nonmetropolitan Counties,Perkins,8,4,4
NEBRASKA-Nonmetropolitan Counties,Phelps,26,6,20
NEBRASKA-Nonmetropolitan Counties,Pierce,8,4,4
NEBRASKA-Nonmetropolitan Counties,Platte,67,21,46
NEBRASKA-Nonmetropolitan Counties,Polk,11,5,6
NEBRASKA-Nonmetropolitan Counties,Red Willow,8,6,2
NEBRASKA-Nonmetropolitan Counties,Rock,9,3,6
NEBRASKA-Nonmetropolitan Counties,Scotts Bluff,23,17,6
NEBRASKA-Nonmetropolitan Counties,Sheridan,5,4,1
NEBRASKA-Nonmetropolitan Counties,Sherman,6,5,1
NEBRASKA-Nonmetropolitan Counties,Stanton,8,7,1
NEBRASKA-Nonmetropolitan Counties,Thayer,11,7,4
NEBRASKA-Nonmetropolitan Counties,Thomas,1,1,0
NEBRASKA-Nonmetropolitan Counties,Thurston,16,8,8
NEBRASKA-Nonmetropolitan Counties,Valley,9,4,5
NEBRASKA-Nonmetropolitan Counties,Wayne,6,5,1
NEBRASKA-Nonmetropolitan Counties,Webster,5,5,0
NEBRASKA-Nonmetropolitan Counties,Wheeler,1,1,0
NEBRASKA-Nonmetropolitan Counties,York,23,9,14
NEVADA-Metropolitan Counties,Carson City,134,91,43
NEVADA-Metropolitan Counties,Washoe,674,402,272
NEVADA-Nonmetropolitan Counties,Douglas,118,105,13
NEVADA-Nonmetropolitan Counties,Elko,69,53,16
NEVADA-Nonmetropolitan Counties,Humboldt,48,34,14
NEVADA-Nonmetropolitan Counties,Nye,135,98,37
NEW HAMPSHIRE-Metropolitan Counties,Rockingham,49,25,24
NEW HAMPSHIRE-Nonmetropolitan Counties,Carroll,26,13,13
NEW HAMPSHIRE-Nonmetropolitan Counties,Cheshire,23,10,13
NEW HAMPSHIRE-Nonmetropolitan Counties,Merrimack,35,21,14
NEW JERSEY-Metropolitan Counties,Atlantic,129,105,24
NEW JERSEY-Metropolitan Counties,Bergen,516,438,78
NEW JERSEY-Metropolitan Counties,Bergen County Police Department,168,91,77
NEW JERSEY-Metropolitan Counties,Burlington,86,72,14
NEW JERSEY-Metropolitan Counties,Camden,176,148,28
NEW JERSEY-Metropolitan Counties,Cape May,169,135,34
NEW JERSEY-Metropolitan Counties,Cumberland,65,59,6
NEW JERSEY-Metropolitan Counties,Essex,459,372,87
NEW JERSEY-Metropolitan Counties,Gloucester,100,87,13
NEW JERSEY-Metropolitan Counties,Hudson,330,231,99
NEW JERSEY-Metropolitan Counties,Hunterdon,25,21,4
NEW JERSEY-Metropolitan Counties,Mercer,170,131,39
NEW JERSEY-Metropolitan Counties,Middlesex,219,180,39
NEW JERSEY-Metropolitan Counties,Monmouth,604,445,159
NEW JERSEY-Metropolitan Counties,Morris,115,85,30
NEW JERSEY-Metropolitan Counties,Ocean,238,126,112
NEW JERSEY-Metropolitan Counties,Salem,213,187,26
NEW JERSEY-Metropolitan Counties,Somerset,208,168,40
NEW JERSEY-Metropolitan Counties,Sussex,147,122,25
NEW JERSEY-Metropolitan Counties,Union,207,164,43
NEW JERSEY-Metropolitan Counties,Warren,22,18,4
NEW MEXICO-Metropolitan Counties,Bernalillo,337,274,63
NEW MEXICO-Metropolitan Counties,Dona Ana,195,126,69
NEW MEXICO-Metropolitan Counties,Sandoval,60,51,9
NEW MEXICO-Metropolitan Counties,San Juan,123,96,27
NEW MEXICO-Metropolitan Counties,Torrance,19,16,3
NEW MEXICO-Metropolitan Counties,Valencia,47,37,10
NEW MEXICO-Nonmetropolitan Counties,Catron,10,6,4
NEW MEXICO-Nonmetropolitan Counties,Chaves,45,35,10
NEW MEXICO-Nonmetropolitan Counties,Cibola,22,16,6
NEW MEXICO-Nonmetropolitan Counties,Colfax,12,10,2
NEW MEXICO-Nonmetropolitan Counties,Curry,28,18,10
NEW MEXICO-Nonmetropolitan Counties,De Baca,6,6,0
NEW MEXICO-Nonmetropolitan Counties,Eddy,60,51,9
NEW MEXICO-Nonmetropolitan Counties,Grant,41,38,3
NEW MEXICO-Nonmetropolitan Counties,Guadalupe,7,5,2
NEW MEXICO-Nonmetropolitan Counties,Harding,2,2,0
NEW MEXICO-Nonmetropolitan Counties,Hidalgo,11,8,3
NEW MEXICO-Nonmetropolitan Counties,Lea,50,38,12
NEW MEXICO-Nonmetropolitan Counties,Lincoln,26,18,8
NEW MEXICO-Nonmetropolitan Counties,Luna,36,32,4
NEW MEXICO-Nonmetropolitan Counties,McKinley,43,31,12
NEW MEXICO-Nonmetropolitan Counties,Mora,7,5,2
NEW MEXICO-Nonmetropolitan Counties,Otero,61,42,19
NEW MEXICO-Nonmetropolitan Counties,Quay,8,7,1
NEW MEXICO-Nonmetropolitan Counties,Rio Arriba,24,21,3
NEW MEXICO-Nonmetropolitan Counties,Roosevelt,17,14,3
NEW MEXICO-Nonmetropolitan Counties,San Miguel,9,8,1
NEW MEXICO-Nonmetropolitan Counties,Sierra,17,15,2
NEW MEXICO-Nonmetropolitan Counties,Socorro,15,11,4
NEW MEXICO-Nonmetropolitan Counties,Taos,26,20,6
NEW MEXICO-Nonmetropolitan Counties,Union,6,5,1
NEW YORK-Metropolitan Counties,Albany,157,121,36
NEW YORK-Metropolitan Counties,Broome,66,51,15
NEW YORK-Metropolitan Counties,Chemung,49,44,5
NEW YORK-Metropolitan Counties,Dutchess,138,105,33
NEW YORK-Metropolitan Counties,Erie,157,133,24
NEW YORK-Metropolitan Counties,Herkimer,15,6,9
NEW YORK-Metropolitan Counties,Livingston,73,49,24
NEW YORK-Metropolitan Counties,Madison,39,30,9
NEW YORK-Metropolitan Counties,Monroe,314,258,56
NEW YORK-Metropolitan Counties,Nassau,"3,200","2,388",812
NEW YORK-Metropolitan Counties,Niagara,140,107,33
NEW YORK-Metropolitan Counties,Oneida,118,83,35
NEW YORK-Metropolitan Counties,Onondaga,267,227,40
NEW YORK-Metropolitan Counties,Ontario,98,64,34
NEW YORK-Metropolitan Counties,Orange,94,83,11
NEW YORK-Metropolitan Counties,Orleans,40,26,14
NEW YORK-Metropolitan Counties,Oswego,79,64,15
NEW YORK-Metropolitan Counties,Putnam,96,82,14
NEW YORK-Metropolitan Counties,Rensselaer,35,33,2
NEW YORK-Metropolitan Counties,Rockland,114,82,32
NEW YORK-Metropolitan Counties,Saratoga,153,112,41
NEW YORK-Metropolitan Counties,Schenectady,16,10,6
NEW YORK-Metropolitan Counties,Schoharie,28,13,15
NEW YORK-Metropolitan Counties,Suffolk,406,275,131
NEW YORK-Metropolitan Counties,Suffolk County Police Department,"3,094","2,495",599
NEW YORK-Metropolitan Counties,Tioga,50,33,17
NEW YORK-Metropolitan Counties,Tompkins,45,40,5
NEW YORK-Metropolitan Counties,Ulster,78,57,21
NEW YORK-Metropolitan Counties,Warren,112,67,45
NEW YORK-Metropolitan Counties,Washington,47,33,14
NEW YORK-Metropolitan Counties,Wayne,61,53,8
NEW YORK-Metropolitan Counties,Westchester Public Safety,337,264,73
NEW YORK-Nonmetropolitan Counties,Allegany,44,25,19
NEW YORK-Nonmetropolitan Counties,Cattaraugus,86,64,22
NEW YORK-Nonmetropolitan Counties,Cayuga,43,39,4
NEW YORK-Nonmetropolitan Counties,Chautauqua,107,61,46
NEW YORK-Nonmetropolitan Counties,Chenango,39,24,15
NEW YORK-Nonmetropolitan Counties,Clinton,23,23,0
NEW YORK-Nonmetropolitan Counties,Columbia,57,47,10
NEW YORK-Nonmetropolitan Counties,Cortland,52,33,19
NEW YORK-Nonmetropolitan Counties,Delaware,28,17,11
NEW YORK-Nonmetropolitan Counties,Essex,29,21,8
NEW YORK-Nonmetropolitan Counties,Franklin,14,7,7
NEW YORK-Nonmetropolitan Counties,Fulton,40,24,16
NEW YORK-Nonmetropolitan Counties,Genesee,79,49,30
NEW YORK-Nonmetropolitan Counties,Greene,33,29,4
NEW YORK-Nonmetropolitan Counties,Hamilton,6,5,1
NEW YORK-Nonmetropolitan Counties,Jefferson,53,44,9
NEW YORK-Nonmetropolitan Counties,Lewis,30,19,11
NEW YORK-Nonmetropolitan Counties,Montgomery,25,19,6
NEW YORK-Nonmetropolitan Counties,Otsego,18,16,2
NEW YORK-Nonmetropolitan Counties,Schuyler,20,17,3
NEW YORK-Nonmetropolitan Counties,Seneca,40,30,10
NEW YORK-Nonmetropolitan Counties,Steuben,54,37,17
NEW YORK-Nonmetropolitan Counties,St. Lawrence,35,34,1
NEW YORK-Nonmetropolitan Counties,Sullivan,41,41,0
NEW YORK-Nonmetropolitan Counties,Wyoming,37,29,8
NEW YORK-Nonmetropolitan Counties,Yates,40,26,14
NORTH CAROLINA-Metropolitan Counties,Alamance,264,128,136
NORTH CAROLINA-Metropolitan Counties,Alexander,48,30,18
NORTH CAROLINA-Metropolitan Counties,Anson,59,30,29
NORTH CAROLINA-Metropolitan Counties,Brunswick,197,134,63
NORTH CAROLINA-Metropolitan Counties,Buncombe,350,213,137
NORTH CAROLINA-Metropolitan Counties,Burke,116,87,29
NORTH CAROLINA-Metropolitan Counties,Cabarrus,317,198,119
NORTH CAROLINA-Metropolitan Counties,Caldwell,120,67,53
NORTH CAROLINA-Metropolitan Counties,Catawba,178,129,49
NORTH CAROLINA-Metropolitan Counties,Chatham,101,79,22
NORTH CAROLINA-Metropolitan Counties,Cumberland,533,299,234
NORTH CAROLINA-Metropolitan Counties,Currituck,101,64,37
NORTH CAROLINA-Metropolitan Counties,Davie,79,49,30
NORTH CAROLINA-Metropolitan Counties,Durham,428,168,260
NORTH CAROLINA-Metropolitan Counties,Edgecombe,135,53,82
NORTH CAROLINA-Metropolitan Counties,Forsyth,487,210,277
NORTH CAROLINA-Metropolitan Counties,Franklin,95,58,37
NORTH CAROLINA-Metropolitan Counties,Gaston,208,119,89
NORTH CAROLINA-Metropolitan Counties,Gaston County Police Department,228,134,94
NORTH CAROLINA-Metropolitan Counties,Greene,49,24,25
NORTH CAROLINA-Metropolitan Counties,Guilford,600,252,348
NORTH CAROLINA-Metropolitan Counties,Haywood,95,52,43
NORTH CAROLINA-Metropolitan Counties,Henderson,188,132,56
NORTH CAROLINA-Metropolitan Counties,Hoke,66,58,8
NORTH CAROLINA-Metropolitan Counties,Johnston,179,103,76
NORTH CAROLINA-Metropolitan Counties,Madison,31,20,11
NORTH CAROLINA-Metropolitan Counties,Mecklenburg1,"1,201",300,901
NORTH CAROLINA-Metropolitan Counties,Nash,86,81,5
NORTH CAROLINA-Metropolitan Counties,New Hanover,404,307,97
NORTH CAROLINA-Metropolitan Counties,Onslow,260,115,145
NORTH CAROLINA-Metropolitan Counties,Orange,139,105,34
NORTH CAROLINA-Metropolitan Counties,Pender,104,58,46
NORTH CAROLINA-Metropolitan Counties,Person,82,42,40
NORTH CAROLINA-Metropolitan Counties,Pitt,313,121,192
NORTH CAROLINA-Metropolitan Counties,Randolph,217,155,62
NORTH CAROLINA-Metropolitan Counties,Rockingham,138,93,45
NORTH CAROLINA-Metropolitan Counties,Stokes,60,42,18
NORTH CAROLINA-Metropolitan Counties,Union,246,186,60
NORTH CAROLINA-Metropolitan Counties,Wake,848,371,477
NORTH CAROLINA-Metropolitan Counties,Wayne,150,86,64
NORTH CAROLINA-Metropolitan Counties,Yadkin,56,31,25
NORTH CAROLINA-Nonmetropolitan Counties,Alleghany,27,11,16
NORTH CAROLINA-Nonmetropolitan Counties,Ashe,54,24,30
NORTH CAROLINA-Nonmetropolitan Counties,Avery,33,24,9
NORTH CAROLINA-Nonmetropolitan Counties,Beaufort,84,49,35
NORTH CAROLINA-Nonmetropolitan Counties,Bertie,33,24,9
NORTH CAROLINA-Nonmetropolitan Counties,Bladen,67,46,21
NORTH CAROLINA-Nonmetropolitan Counties,Camden,18,17,1
NORTH CAROLINA-Nonmetropolitan Counties,Carteret,82,51,31
NORTH CAROLINA-Nonmetropolitan Counties,Caswell,46,35,11
NORTH CAROLINA-Nonmetropolitan Counties,Cherokee,68,26,42
NORTH CAROLINA-Nonmetropolitan Counties,Chowan,33,15,18
NORTH CAROLINA-Nonmetropolitan Counties,Clay,42,17,25
NORTH CAROLINA-Nonmetropolitan Counties,Cleveland,144,90,54
NORTH CAROLINA-Nonmetropolitan Counties,Columbus,113,63,50
NORTH CAROLINA-Nonmetropolitan Counties,Craven,118,70,48
NORTH CAROLINA-Nonmetropolitan Counties,Dare,142,63,79
NORTH CAROLINA-Nonmetropolitan Counties,Davidson,190,126,64
NORTH CAROLINA-Nonmetropolitan Counties,Duplin,90,66,24
NORTH CAROLINA-Nonmetropolitan Counties,Gates,13,12,1
NORTH CAROLINA-Nonmetropolitan Counties,Graham,22,14,8
NORTH CAROLINA-Nonmetropolitan Counties,Granville,94,53,41
NORTH CAROLINA-Nonmetropolitan Counties,Halifax,90,62,28
NORTH CAROLINA-Nonmetropolitan Counties,Harnett,205,114,91
NORTH CAROLINA-Nonmetropolitan Counties,Hertford,62,22,40
NORTH CAROLINA-Nonmetropolitan Counties,Hyde,15,15,0
NORTH CAROLINA-Nonmetropolitan Counties,Iredell,211,157,54
NORTH CAROLINA-Nonmetropolitan Counties,Jackson,70,48,22
NORTH CAROLINA-Nonmetropolitan Counties,Jones,24,15,9
NORTH CAROLINA-Nonmetropolitan Counties,Lee,86,53,33
NORTH CAROLINA-Nonmetropolitan Counties,Lenoir,105,66,39
NORTH CAROLINA-Nonmetropolitan Counties,Lincoln,154,103,51
NORTH CAROLINA-Nonmetropolitan Counties,Macon,67,48,19
NORTH CAROLINA-Nonmetropolitan Counties,Martin,35,33,2
NORTH CAROLINA-Nonmetropolitan Counties,McDowell,65,43,22
NORTH CAROLINA-Nonmetropolitan Counties,Mitchell,19,17,2
NORTH CAROLINA-Nonmetropolitan Counties,Montgomery,54,32,22
NORTH CAROLINA-Nonmetropolitan Counties,Moore,114,74,40
NORTH CAROLINA-Nonmetropolitan Counties,Northampton,51,25,26
NORTH CAROLINA-Nonmetropolitan Counties,Pamlico,38,15,23
NORTH CAROLINA-Nonmetropolitan Counties,Pasquotank,43,39,4
NORTH CAROLINA-Nonmetropolitan Counties,Perquimans,14,11,3
NORTH CAROLINA-Nonmetropolitan Counties,Polk,35,23,12
NORTH CAROLINA-Nonmetropolitan Counties,Richmond,80,50,30
NORTH CAROLINA-Nonmetropolitan Counties,Robeson,250,138,112
NORTH CAROLINA-Nonmetropolitan Counties,Rowan,163,119,44
NORTH CAROLINA-Nonmetropolitan Counties,Rutherford,127,73,54
NORTH CAROLINA-Nonmetropolitan Counties,Sampson,133,95,38
NORTH CAROLINA-Nonmetropolitan Counties,Scotland,63,37,26
NORTH CAROLINA-Nonmetropolitan Counties,Stanly,88,47,41
NORTH CAROLINA-Nonmetropolitan Counties,Surry,96,56,40
NORTH CAROLINA-Nonmetropolitan Counties,Swain,44,21,23
NORTH CAROLINA-Nonmetropolitan Counties,Transylvania,78,61,17
NORTH CAROLINA-Nonmetropolitan Counties,Tyrrell,16,10,6
NORTH CAROLINA-Nonmetropolitan Counties,Vance,90,43,47
NORTH CAROLINA-Nonmetropolitan Counties,Warren,64,36,28
NORTH CAROLINA-Nonmetropolitan Counties,Washington,40,21,19
NORTH CAROLINA-Nonmetropolitan Counties,Watauga,86,47,39
NORTH CAROLINA-Nonmetropolitan Counties,Wilkes,114,67,47
NORTH CAROLINA-Nonmetropolitan Counties,Wilson,143,86,57
NORTH CAROLINA-Nonmetropolitan Counties,Yancey,33,19,14
NORTH DAKOTA-Metropolitan Counties,Burleigh,82,41,41
NORTH DAKOTA-Metropolitan Counties,Cass,139,73,66
NORTH DAKOTA-Metropolitan Counties,Grand Forks,40,33,7
NORTH DAKOTA-Metropolitan Counties,Morton,37,20,17
NORTH DAKOTA-Nonmetropolitan Counties,Adams,2,2,0
NORTH DAKOTA-Nonmetropolitan Counties,Barnes,7,6,1
NORTH DAKOTA-Nonmetropolitan Counties,Benson,4,4,0
NORTH DAKOTA-Nonmetropolitan Counties,Billings,4,4,0
NORTH DAKOTA-Nonmetropolitan Counties,Bottineau,12,8,4
NORTH DAKOTA-Nonmetropolitan Counties,Bowman,3,3,0
NORTH DAKOTA-Nonmetropolitan Counties,Burke,6,5,1
NORTH DAKOTA-Nonmetropolitan Counties,Cavalier,11,5,6
NORTH DAKOTA-Nonmetropolitan Counties,Dickey,5,4,1
NORTH DAKOTA-Nonmetropolitan Counties,Divide,6,6,0
NORTH DAKOTA-Nonmetropolitan Counties,Dunn,9,8,1
NORTH DAKOTA-Nonmetropolitan Counties,Eddy,5,4,1
NORTH DAKOTA-Nonmetropolitan Counties,Emmons,4,3,1
NORTH DAKOTA-Nonmetropolitan Counties,Foster,3,3,0
NORTH DAKOTA-Nonmetropolitan Counties,Golden Valley,5,4,1
NORTH DAKOTA-Nonmetropolitan Counties,Grant,4,4,0
NORTH DAKOTA-Nonmetropolitan Counties,Griggs,5,4,1
NORTH DAKOTA-Nonmetropolitan Counties,Hettinger,4,4,0
NORTH DAKOTA-Nonmetropolitan Counties,Kidder,4,3,1
NORTH DAKOTA-Nonmetropolitan Counties,Lamoure,5,4,1
NORTH DAKOTA-Nonmetropolitan Counties,Logan,4,2,2
NORTH DAKOTA-Nonmetropolitan Counties,McHenry,7,7,0
NORTH DAKOTA-Nonmetropolitan Counties,McIntosh,3,3,0
NORTH DAKOTA-Nonmetropolitan Counties,McKenzie,16,16,0
NORTH DAKOTA-Nonmetropolitan Counties,McLean,31,18,13
NORTH DAKOTA-Nonmetropolitan Counties,Mercer,22,14,8
NORTH DAKOTA-Nonmetropolitan Counties,Mountrail,19,10,9
NORTH DAKOTA-Nonmetropolitan Counties,Nelson,5,4,1
NORTH DAKOTA-Nonmetropolitan Counties,Oliver,3,2,1
NORTH DAKOTA-Nonmetropolitan Counties,Pembina,12,7,5
NORTH DAKOTA-Nonmetropolitan Counties,Pierce,8,3,5
NORTH DAKOTA-Nonmetropolitan Counties,Ramsey,7,6,1
NORTH DAKOTA-Nonmetropolitan Counties,Ransom,5,4,1
NORTH DAKOTA-Nonmetropolitan Counties,Renville,4,4,0
NORTH DAKOTA-Nonmetropolitan Counties,Richland,35,15,20
NORTH DAKOTA-Nonmetropolitan Counties,Rolette,18,9,9
NORTH DAKOTA-Nonmetropolitan Counties,Sargent,5,4,1
NORTH DAKOTA-Nonmetropolitan Counties,Sheridan,3,3,0
NORTH DAKOTA-Nonmetropolitan Counties,Sioux,1,1,0
NORTH DAKOTA-Nonmetropolitan Counties,Slope,1,1,0
NORTH DAKOTA-Nonmetropolitan Counties,Stark,18,15,3
NORTH DAKOTA-Nonmetropolitan Counties,Steele,3,3,0
NORTH DAKOTA-Nonmetropolitan Counties,Stutsman,11,9,2
NORTH DAKOTA-Nonmetropolitan Counties,Towner,3,2,1
NORTH DAKOTA-Nonmetropolitan Counties,Traill,13,8,5
NORTH DAKOTA-Nonmetropolitan Counties,Walsh,16,10,6
NORTH DAKOTA-Nonmetropolitan Counties,Ward,47,22,25
NORTH DAKOTA-Nonmetropolitan Counties,Wells,3,3,0
NORTH DAKOTA-Nonmetropolitan Counties,Williams,43,27,16
OHIO-Metropolitan Counties,Allen,150,71,79
OHIO-Metropolitan Counties,Belmont,59,53,6
OHIO-Metropolitan Counties,Brown,44,28,16
OHIO-Metropolitan Counties,Carroll,25,19,6
OHIO-Metropolitan Counties,Clark,152,123,29
OHIO-Metropolitan Counties,Clermont,187,81,106
OHIO-Metropolitan Counties,Cuyahoga,"1,056",159,897
OHIO-Metropolitan Counties,Erie,66,35,31
OHIO-Metropolitan Counties,Fairfield,133,106,27
OHIO-Metropolitan Counties,Franklin,825,647,178
OHIO-Metropolitan Counties,Fulton,31,20,11
OHIO-Metropolitan Counties,Geauga,115,48,67
OHIO-Metropolitan Counties,Greene,128,82,46
OHIO-Metropolitan Counties,Hamilton,826,312,514
OHIO-Metropolitan Counties,Lake,168,39,129
OHIO-Metropolitan Counties,Licking,180,121,59
OHIO-Metropolitan Counties,Madison,38,29,9
OHIO-Metropolitan Counties,Mahoning,215,200,15
OHIO-Metropolitan Counties,Miami,83,46,37
OHIO-Metropolitan Counties,Montgomery,456,200,256
OHIO-Metropolitan Counties,Morrow,52,21,31
OHIO-Metropolitan Counties,Ottawa,61,22,39
OHIO-Metropolitan Counties,Portage,128,57,71
OHIO-Metropolitan Counties,Preble,38,11,27
OHIO-Metropolitan Counties,Richland,107,35,72
OHIO-Metropolitan Counties,Stark,178,98,80
OHIO-Metropolitan Counties,Summit,417,341,76
OHIO-Metropolitan Counties,Trumbull,137,52,85
OHIO-Metropolitan Counties,Union,54,34,20
OHIO-Metropolitan Counties,Warren,182,95,87
OHIO-Metropolitan Counties,Washington,79,40,39
OHIO-Metropolitan Counties,Wood,119,73,46
OHIO-Nonmetropolitan Counties,Adams,25,18,7
OHIO-Nonmetropolitan Counties,Ashland,68,40,28
OHIO-Nonmetropolitan Counties,Auglaize,55,22,33
OHIO-Nonmetropolitan Counties,Champaign,19,17,2
OHIO-Nonmetropolitan Counties,Clinton,65,35,30
OHIO-Nonmetropolitan Counties,Columbiana,29,20,9
OHIO-Nonmetropolitan Counties,Coshocton,51,40,11
OHIO-Nonmetropolitan Counties,Crawford,54,22,32
OHIO-Nonmetropolitan Counties,Darke,59,35,24
OHIO-Nonmetropolitan Counties,Defiance,33,20,13
OHIO-Nonmetropolitan Counties,Fayette,34,22,12
OHIO-Nonmetropolitan Counties,Gallia,32,22,10
OHIO-Nonmetropolitan Counties,Guernsey,41,19,22
OHIO-Nonmetropolitan Counties,Hancock,83,33,50
OHIO-Nonmetropolitan Counties,Henry,21,18,3
OHIO-Nonmetropolitan Counties,Highland,45,30,15
OHIO-Nonmetropolitan Counties,Hocking,24,19,5
OHIO-Nonmetropolitan Counties,Holmes,45,31,14
OHIO-Nonmetropolitan Counties,Huron,64,20,44
OHIO-Nonmetropolitan Counties,Jackson,17,12,5
OHIO-Nonmetropolitan Counties,Logan,70,37,33
OHIO-Nonmetropolitan Counties,Marion,33,29,4
OHIO-Nonmetropolitan Counties,Meigs,15,13,2
OHIO-Nonmetropolitan Counties,Mercer,51,25,26
OHIO-Nonmetropolitan Counties,Monroe,20,13,7
OHIO-Nonmetropolitan Counties,Morgan,15,9,6
OHIO-Nonmetropolitan Counties,Muskingum,106,69,37
OHIO-Nonmetropolitan Counties,Noble,19,8,11
OHIO-Nonmetropolitan Counties,Paulding,22,14,8
OHIO-Nonmetropolitan Counties,Perry,15,10,5
OHIO-Nonmetropolitan Counties,Putnam,54,30,24
OHIO-Nonmetropolitan Counties,Ross,83,54,29
OHIO-Nonmetropolitan Counties,Sandusky,52,28,24
OHIO-Nonmetropolitan Counties,Scioto,70,38,32
OHIO-Nonmetropolitan Counties,Seneca,80,37,43
OHIO-Nonmetropolitan Counties,Shelby,59,38,21
OHIO-Nonmetropolitan Counties,Tuscarawas,94,27,67
OHIO-Nonmetropolitan Counties,Van Wert,36,20,16
OHIO-Nonmetropolitan Counties,Vinton,15,10,5
OHIO-Nonmetropolitan Counties,Williams,20,16,4
OHIO-Nonmetropolitan Counties,Wyandot,23,12,11
OKLAHOMA-Metropolitan Counties,Canadian,71,46,25
OKLAHOMA-Metropolitan Counties,Cleveland,87,41,46
OKLAHOMA-Metropolitan Counties,Comanche,40,29,11
OKLAHOMA-Metropolitan Counties,Creek,66,38,28
OKLAHOMA-Metropolitan Counties,Grady,14,13,1
OKLAHOMA-Metropolitan Counties,Le Flore,17,12,5
OKLAHOMA-Metropolitan Counties,Lincoln,34,13,21
OKLAHOMA-Metropolitan Counties,Logan,52,18,34
OKLAHOMA-Metropolitan Counties,McClain,26,17,9
OKLAHOMA-Metropolitan Counties,Oklahoma,749,209,540
OKLAHOMA-Metropolitan Counties,Okmulgee,15,14,1
OKLAHOMA-Metropolitan Counties,Osage,76,40,36
OKLAHOMA-Metropolitan Counties,Pawnee,18,8,10
OKLAHOMA-Metropolitan Counties,Rogers,83,33,50
OKLAHOMA-Metropolitan Counties,Sequoyah,46,16,30
OKLAHOMA-Metropolitan Counties,Tulsa,538,232,306
OKLAHOMA-Metropolitan Counties,Wagoner,52,19,33
OKLAHOMA-Nonmetropolitan Counties,Adair,30,9,21
OKLAHOMA-Nonmetropolitan Counties,Alfalfa,9,4,5
OKLAHOMA-Nonmetropolitan Counties,Atoka,22,7,15
OKLAHOMA-Nonmetropolitan Counties,Beaver,12,7,5
OKLAHOMA-Nonmetropolitan Counties,Beckham,33,11,22
OKLAHOMA-Nonmetropolitan Counties,Blaine,15,7,8
OKLAHOMA-Nonmetropolitan Counties,Bryan,51,17,34
OKLAHOMA-Nonmetropolitan Counties,Caddo,28,16,12
OKLAHOMA-Nonmetropolitan Counties,Carter,21,18,3
OKLAHOMA-Nonmetropolitan Counties,Cherokee,32,23,9
OKLAHOMA-Nonmetropolitan Counties,Choctaw,15,5,10
OKLAHOMA-Nonmetropolitan Counties,Cimarron,7,4,3
OKLAHOMA-Nonmetropolitan Counties,Coal,9,6,3
OKLAHOMA-Nonmetropolitan Counties,Cotton,12,8,4
OKLAHOMA-Nonmetropolitan Counties,Craig,26,10,16
OKLAHOMA-Nonmetropolitan Counties,Custer,37,14,23
OKLAHOMA-Nonmetropolitan Counties,Delaware,41,18,23
OKLAHOMA-Nonmetropolitan Counties,Dewey,11,4,7
OKLAHOMA-Nonmetropolitan Counties,Ellis,18,6,12
OKLAHOMA-Nonmetropolitan Counties,Garfield,61,23,38
OKLAHOMA-Nonmetropolitan Counties,Garvin,31,19,12
OKLAHOMA-Nonmetropolitan Counties,Grant,12,5,7
OKLAHOMA-Nonmetropolitan Counties,Greer,8,4,4
OKLAHOMA-Nonmetropolitan Counties,Harmon,4,3,1
OKLAHOMA-Nonmetropolitan Counties,Harper,9,5,4
OKLAHOMA-Nonmetropolitan Counties,Haskell,16,8,8
OKLAHOMA-Nonmetropolitan Counties,Hughes,14,7,7
OKLAHOMA-Nonmetropolitan Counties,Jackson,36,13,23
OKLAHOMA-Nonmetropolitan Counties,Jefferson,15,6,9
OKLAHOMA-Nonmetropolitan Counties,Johnston,27,8,19
OKLAHOMA-Nonmetropolitan Counties,Kay,20,13,7
OKLAHOMA-Nonmetropolitan Counties,Kingfisher,14,8,6
OKLAHOMA-Nonmetropolitan Counties,Kiowa,16,7,9
OKLAHOMA-Nonmetropolitan Counties,Latimer,15,11,4
OKLAHOMA-Nonmetropolitan Counties,Love,22,8,14
OKLAHOMA-Nonmetropolitan Counties,Major,13,5,8
OKLAHOMA-Nonmetropolitan Counties,Marshall,27,8,19
OKLAHOMA-Nonmetropolitan Counties,Mayes,45,20,25
OKLAHOMA-Nonmetropolitan Counties,McCurtain,19,16,3
OKLAHOMA-Nonmetropolitan Counties,McIntosh,18,11,7
OKLAHOMA-Nonmetropolitan Counties,Murray,10,5,5
OKLAHOMA-Nonmetropolitan Counties,Muskogee,37,32,5
OKLAHOMA-Nonmetropolitan Counties,Noble,18,5,13
OKLAHOMA-Nonmetropolitan Counties,Nowata,20,9,11
OKLAHOMA-Nonmetropolitan Counties,Okfuskee,14,6,8
OKLAHOMA-Nonmetropolitan Counties,Ottawa,34,14,20
OKLAHOMA-Nonmetropolitan Counties,Payne,82,32,50
OKLAHOMA-Nonmetropolitan Counties,Pittsburg,64,18,46
OKLAHOMA-Nonmetropolitan Counties,Pontotoc,37,15,22
OKLAHOMA-Nonmetropolitan Counties,Pottawatomie,27,22,5
OKLAHOMA-Nonmetropolitan Counties,Pushmataha,14,9,5
OKLAHOMA-Nonmetropolitan Counties,Roger Mills,12,7,5
OKLAHOMA-Nonmetropolitan Counties,Seminole,36,13,23
OKLAHOMA-Nonmetropolitan Counties,Stephens,60,22,38
OKLAHOMA-Nonmetropolitan Counties,Texas,43,12,31
OKLAHOMA-Nonmetropolitan Counties,Tillman,27,7,20
OKLAHOMA-Nonmetropolitan Counties,Washington,55,26,29
OKLAHOMA-Nonmetropolitan Counties,Washita,18,8,10
OKLAHOMA-Nonmetropolitan Counties,Woods,10,5,5
OKLAHOMA-Nonmetropolitan Counties,Woodward,26,9,17
OREGON-Metropolitan Counties,Benton,75,62,13
OREGON-Metropolitan Counties,Clackamas,426,218,208
OREGON-Metropolitan Counties,Columbia,41,35,6
OREGON-Metropolitan Counties,Deschutes,210,82,128
OREGON-Metropolitan Counties,Jackson,173,117,56
OREGON-Metropolitan Counties,Lane,345,65,280
OREGON-Metropolitan Counties,Marion,336,85,251
OREGON-Metropolitan Counties,Multnomah,733,105,628
OREGON-Metropolitan Counties,Polk,60,45,15
OREGON-Metropolitan Counties,Washington,539,240,299
OREGON-Metropolitan Counties,Yamhill,96,45,51
OREGON-Nonmetropolitan Counties,Baker,31,11,20
OREGON-Nonmetropolitan Counties,Clatsop,55,26,29
OREGON-Nonmetropolitan Counties,Coos,85,24,61
OREGON-Nonmetropolitan Counties,Crook,28,15,13
OREGON-Nonmetropolitan Counties,Curry,36,13,23
OREGON-Nonmetropolitan Counties,Douglas,144,112,32
OREGON-Nonmetropolitan Counties,Gilliam,7,6,1
OREGON-Nonmetropolitan Counties,Grant,16,5,11
OREGON-Nonmetropolitan Counties,Harney,17,11,6
OREGON-Nonmetropolitan Counties,Hood River,33,16,17
OREGON-Nonmetropolitan Counties,Jefferson,42,13,29
OREGON-Nonmetropolitan Counties,Josephine,98,35,63
OREGON-Nonmetropolitan Counties,Klamath,61,25,36
OREGON-Nonmetropolitan Counties,Lake,20,7,13
OREGON-Nonmetropolitan Counties,Lincoln,87,27,60
OREGON-Nonmetropolitan Counties,Linn,177,75,102
OREGON-Nonmetropolitan Counties,Malheur,60,25,35
OREGON-Nonmetropolitan Counties,Morrow,27,27,0
OREGON-Nonmetropolitan Counties,Sherman,7,6,1
OREGON-Nonmetropolitan Counties,Tillamook,60,56,4
OREGON-Nonmetropolitan Counties,Umatilla,74,49,25
OREGON-Nonmetropolitan Counties,Union,30,17,13
OREGON-Nonmetropolitan Counties,Wallowa,13,7,6
OREGON-Nonmetropolitan Counties,Wasco,29,16,13
OREGON-Nonmetropolitan Counties,Wheeler,3,3,0
PENNSYLVANIA-Metropolitan Counties,Allegheny,185,156,29
PENNSYLVANIA-Metropolitan Counties,Allegheny County Police Department,260,202,58
PENNSYLVANIA-Metropolitan Counties,Beaver,30,23,7
PENNSYLVANIA-Metropolitan Counties,Berks,109,95,14
PENNSYLVANIA-Metropolitan Counties,Blair,10,6,4
PENNSYLVANIA-Metropolitan Counties,Butler,25,19,6
PENNSYLVANIA-Metropolitan Counties,Centre,19,16,3
PENNSYLVANIA-Metropolitan Counties,Cumberland,33,27,6
PENNSYLVANIA-Metropolitan Counties,Erie,44,36,8
PENNSYLVANIA-Metropolitan Counties,Lancaster,62,53,9
PENNSYLVANIA-Metropolitan Counties,Mercer,18,15,3
PENNSYLVANIA-Metropolitan Counties,Montgomery,136,115,21
PENNSYLVANIA-Metropolitan Counties,Northampton,56,52,4
PENNSYLVANIA-Metropolitan Counties,Pike,20,17,3
PENNSYLVANIA-Metropolitan Counties,Washington,27,27,0
PENNSYLVANIA-Metropolitan Counties,Westmoreland,61,52,9
PENNSYLVANIA-Metropolitan Counties,York,118,108,10
PENNSYLVANIA-Nonmetropolitan Counties,Adams,11,9,2
PENNSYLVANIA-Nonmetropolitan Counties,Bedford,10,8,2
PENNSYLVANIA-Nonmetropolitan Counties,Clarion,11,8,3
PENNSYLVANIA-Nonmetropolitan Counties,Elk,6,5,1
PENNSYLVANIA-Nonmetropolitan Counties,Franklin,21,17,4
PENNSYLVANIA-Nonmetropolitan Counties,Greene,6,5,1
PENNSYLVANIA-Nonmetropolitan Counties,Indiana,19,16,3
PENNSYLVANIA-Nonmetropolitan Counties,Jefferson,5,4,1
PENNSYLVANIA-Nonmetropolitan Counties,Lawrence,15,11,4
PENNSYLVANIA-Nonmetropolitan Counties,Schuylkill,17,13,4
PENNSYLVANIA-Nonmetropolitan Counties,Snyder,5,5,0
PENNSYLVANIA-Nonmetropolitan Counties,Tioga,8,6,2
PENNSYLVANIA-Nonmetropolitan Counties,Warren,11,9,2
PENNSYLVANIA-Nonmetropolitan Counties,Wayne,15,12,3
SOUTH CAROLINA-Metropolitan Counties,Aiken,164,130,34
SOUTH CAROLINA-Metropolitan Counties,Anderson,373,222,151
SOUTH CAROLINA-Metropolitan Counties,Berkeley,238,143,95
SOUTH CAROLINA-Metropolitan Counties,Calhoun,25,22,3
SOUTH CAROLINA-Metropolitan Counties,Charleston,750,247,503
SOUTH CAROLINA-Metropolitan Counties,Darlington,131,73,58
SOUTH CAROLINA-Metropolitan Counties,Dorchester,233,125,108
SOUTH CAROLINA-Metropolitan Counties,Edgefield,60,31,29
SOUTH CAROLINA-Metropolitan Counties,Fairfield,52,46,6
SOUTH CAROLINA-Metropolitan Counties,Florence,226,118,108
SOUTH CAROLINA-Metropolitan Counties,Greenville,493,400,93
SOUTH CAROLINA-Metropolitan Counties,Horry,335,265,70
SOUTH CAROLINA-Metropolitan Counties,Horry County Police Department,249,230,19
SOUTH CAROLINA-Metropolitan Counties,Kershaw,76,68,8
SOUTH CAROLINA-Metropolitan Counties,Laurens,120,66,54
SOUTH CAROLINA-Metropolitan Counties,Lexington,380,247,133
SOUTH CAROLINA-Metropolitan Counties,Pickens,140,101,39
SOUTH CAROLINA-Metropolitan Counties,Richland,545,502,43
SOUTH CAROLINA-Metropolitan Counties,Saluda,53,18,35
SOUTH CAROLINA-Metropolitan Counties,Spartanburg,332,303,29
SOUTH CAROLINA-Metropolitan Counties,Sumter,135,121,14
SOUTH CAROLINA-Metropolitan Counties,York,199,174,25
SOUTH CAROLINA-Nonmetropolitan Counties,Abbeville,55,29,26
SOUTH CAROLINA-Nonmetropolitan Counties,Allendale,15,13,2
SOUTH CAROLINA-Nonmetropolitan Counties,Bamberg,16,13,3
SOUTH CAROLINA-Nonmetropolitan Counties,Barnwell,40,25,15
SOUTH CAROLINA-Nonmetropolitan Counties,Beaufort,260,234,26
SOUTH CAROLINA-Nonmetropolitan Counties,Cherokee,95,49,46
SOUTH CAROLINA-Nonmetropolitan Counties,Chester,107,43,64
SOUTH CAROLINA-Nonmetropolitan Counties,Chesterfield,88,44,44
SOUTH CAROLINA-Nonmetropolitan Counties,Clarendon,54,45,9
SOUTH CAROLINA-Nonmetropolitan Counties,Colleton,121,61,60
SOUTH CAROLINA-Nonmetropolitan Counties,Dillion,81,35,46
SOUTH CAROLINA-Nonmetropolitan Counties,Georgetown,172,95,77
SOUTH CAROLINA-Nonmetropolitan Counties,Greenwood,112,70,42
SOUTH CAROLINA-Nonmetropolitan Counties,Hampton,40,35,5
SOUTH CAROLINA-Nonmetropolitan Counties,Jasper,41,36,5
SOUTH CAROLINA-Nonmetropolitan Counties,Lancaster,139,86,53
SOUTH CAROLINA-Nonmetropolitan Counties,Lee,31,27,4
SOUTH CAROLINA-Nonmetropolitan Counties,Marion,40,37,3
SOUTH CAROLINA-Nonmetropolitan Counties,Marlboro,30,25,5
SOUTH CAROLINA-Nonmetropolitan Counties,McCormick,37,14,23
SOUTH CAROLINA-Nonmetropolitan Counties,Newberry,96,47,49
SOUTH CAROLINA-Nonmetropolitan Counties,Oconee,120,83,37
SOUTH CAROLINA-Nonmetropolitan Counties,Orangeburg,129,92,37
SOUTH CAROLINA-Nonmetropolitan Counties,Union,76,31,45
SOUTH CAROLINA-Nonmetropolitan Counties,Williamsburg,67,37,30
SOUTH DAKOTA-Metropolitan Counties,Lincoln,16,14,2
SOUTH DAKOTA-Metropolitan Counties,McCook,7,6,1
SOUTH DAKOTA-Metropolitan Counties,Meade,52,17,35
SOUTH DAKOTA-Metropolitan Counties,Minnehaha,192,84,108
SOUTH DAKOTA-Metropolitan Counties,Pennington,366,75,291
SOUTH DAKOTA-Metropolitan Counties,Turner,10,8,2
SOUTH DAKOTA-Metropolitan Counties,Union,25,9,16
SOUTH DAKOTA-Nonmetropolitan Counties,Aurora,4,3,1
SOUTH DAKOTA-Nonmetropolitan Counties,Beadle,25,6,19
SOUTH DAKOTA-Nonmetropolitan Counties,Bennett,5,3,2
SOUTH DAKOTA-Nonmetropolitan Counties,Bon Homme,8,3,5
SOUTH DAKOTA-Nonmetropolitan Counties,Brookings,22,14,8
SOUTH DAKOTA-Nonmetropolitan Counties,Brown,50,16,34
SOUTH DAKOTA-Nonmetropolitan Counties,Brule,9,4,5
SOUTH DAKOTA-Nonmetropolitan Counties,Buffalo,1,1,0
SOUTH DAKOTA-Nonmetropolitan Counties,Butte,13,4,9
SOUTH DAKOTA-Nonmetropolitan Counties,Campbell,2,2,0
SOUTH DAKOTA-Nonmetropolitan Counties,Charles Mix,13,5,8
SOUTH DAKOTA-Nonmetropolitan Counties,Clark,4,4,0
SOUTH DAKOTA-Nonmetropolitan Counties,Clay,11,7,4
SOUTH DAKOTA-Nonmetropolitan Counties,Codington,27,9,18
SOUTH DAKOTA-Nonmetropolitan Counties,Corson,4,3,1
SOUTH DAKOTA-Nonmetropolitan Counties,Custer,11,10,1
SOUTH DAKOTA-Nonmetropolitan Counties,Davison,8,6,2
SOUTH DAKOTA-Nonmetropolitan Counties,Day,6,3,3
SOUTH DAKOTA-Nonmetropolitan Counties,Deuel,8,4,4
SOUTH DAKOTA-Nonmetropolitan Counties,Dewey,4,3,1
SOUTH DAKOTA-Nonmetropolitan Counties,Douglas,2,2,0
SOUTH DAKOTA-Nonmetropolitan Counties,Edmunds,7,4,3
SOUTH DAKOTA-Nonmetropolitan Counties,Fall River,12,6,6
SOUTH DAKOTA-Nonmetropolitan Counties,Faulk,9,3,6
SOUTH DAKOTA-Nonmetropolitan Counties,Grant,9,3,6
SOUTH DAKOTA-Nonmetropolitan Counties,Gregory,3,2,1
SOUTH DAKOTA-Nonmetropolitan Counties,Haakon,2,2,0
SOUTH DAKOTA-Nonmetropolitan Counties,Hamlin,4,4,0
SOUTH DAKOTA-Nonmetropolitan Counties,Hand,4,3,1
SOUTH DAKOTA-Nonmetropolitan Counties,Hanson,2,2,0
SOUTH DAKOTA-Nonmetropolitan Counties,Harding,3,2,1
SOUTH DAKOTA-Nonmetropolitan Counties,Hughes,49,6,43
SOUTH DAKOTA-Nonmetropolitan Counties,Hutchinson,3,3,0
SOUTH DAKOTA-Nonmetropolitan Counties,Hyde,1,1,0
SOUTH DAKOTA-Nonmetropolitan Counties,Jackson,2,2,0
SOUTH DAKOTA-Nonmetropolitan Counties,Jerauld,4,3,1
SOUTH DAKOTA-Nonmetropolitan Counties,Jones,2,2,0
SOUTH DAKOTA-Nonmetropolitan Counties,Kingsbury,5,4,1
SOUTH DAKOTA-Nonmetropolitan Counties,Lake,10,5,5
SOUTH DAKOTA-Nonmetropolitan Counties,Lawrence,39,13,26
SOUTH DAKOTA-Nonmetropolitan Counties,Lyman,5,4,1
SOUTH DAKOTA-Nonmetropolitan Counties,Marshall,11,6,5
SOUTH DAKOTA-Nonmetropolitan Counties,McPherson,2,2,0
SOUTH DAKOTA-Nonmetropolitan Counties,Mellette,4,4,0
SOUTH DAKOTA-Nonmetropolitan Counties,Miner,4,3,1
SOUTH DAKOTA-Nonmetropolitan Counties,Moody,8,4,4
SOUTH DAKOTA-Nonmetropolitan Counties,Perkins,4,3,1
SOUTH DAKOTA-Nonmetropolitan Counties,Potter,3,2,1
SOUTH DAKOTA-Nonmetropolitan Counties,Roberts,27,4,23
SOUTH DAKOTA-Nonmetropolitan Counties,Sanborn,3,3,0
SOUTH DAKOTA-Nonmetropolitan Counties,Shannon,1,1,0
SOUTH DAKOTA-Nonmetropolitan Counties,Spink,13,8,5
SOUTH DAKOTA-Nonmetropolitan Counties,Stanley,6,5,1
SOUTH DAKOTA-Nonmetropolitan Counties,Sully,3,3,0
SOUTH DAKOTA-Nonmetropolitan Counties,Todd,1,1,0
SOUTH DAKOTA-Nonmetropolitan Counties,Tripp,5,4,1
SOUTH DAKOTA-Nonmetropolitan Counties,Walworth,10,3,7
SOUTH DAKOTA-Nonmetropolitan Counties,Yankton,28,10,18
SOUTH DAKOTA-Nonmetropolitan Counties,Ziebach,2,2,0
TENNESSEE-Metropolitan Counties,Anderson,163,60,103
TENNESSEE-Metropolitan Counties,Blount,271,129,142
TENNESSEE-Metropolitan Counties,Bradley,202,105,97
TENNESSEE-Metropolitan Counties,Cannon,32,13,19
TENNESSEE-Metropolitan Counties,Carter,94,50,44
TENNESSEE-Metropolitan Counties,Cheatham,72,36,36
TENNESSEE-Metropolitan Counties,Chester,49,14,35
TENNESSEE-Metropolitan Counties,Dickson,140,58,82
TENNESSEE-Metropolitan Counties,Fayette,92,40,52
TENNESSEE-Metropolitan Counties,Grainger,42,18,24
TENNESSEE-Metropolitan Counties,Hamblen,81,31,50
TENNESSEE-Metropolitan Counties,Hamilton,318,160,158
TENNESSEE-Metropolitan Counties,Hartsville-Trousdale,36,18,18
TENNESSEE-Metropolitan Counties,Hawkins,93,44,49
TENNESSEE-Metropolitan Counties,Hickman,39,20,19
TENNESSEE-Metropolitan Counties,Jefferson,94,43,51
TENNESSEE-Metropolitan Counties,Knox,"1,067",401,666
TENNESSEE-Metropolitan Counties,Loudon,64,39,25
TENNESSEE-Metropolitan Counties,Macon,60,24,36
TENNESSEE-Metropolitan Counties,Madison,231,74,157
TENNESSEE-Metropolitan Counties,Marion,49,20,29
TENNESSEE-Metropolitan Counties,Montgomery,317,82,235
TENNESSEE-Metropolitan Counties,Polk,49,18,31
TENNESSEE-Metropolitan Counties,Robertson,137,45,92
TENNESSEE-Metropolitan Counties,Rutherford,407,200,207
TENNESSEE-Metropolitan Counties,Sequatchie,39,18,21
TENNESSEE-Metropolitan Counties,Shelby,"1,845",521,"1,324"
TENNESSEE-Metropolitan Counties,Smith,54,25,29
TENNESSEE-Metropolitan Counties,Stewart,41,18,23
TENNESSEE-Metropolitan Counties,Sullivan,253,112,141
TENNESSEE-Metropolitan Counties,Sumner,248,71,177
TENNESSEE-Metropolitan Counties,Tipton,87,49,38
TENNESSEE-Metropolitan Counties,Unicoi,46,23,23
TENNESSEE-Metropolitan Counties,Union,35,21,14
TENNESSEE-Metropolitan Counties,Washington,207,83,124
TENNESSEE-Metropolitan Counties,Williamson,212,109,103
TENNESSEE-Metropolitan Counties,Wilson,225,91,134
TENNESSEE-Nonmetropolitan Counties,Bedford,87,36,51
TENNESSEE-Nonmetropolitan Counties,Benton,39,13,26
TENNESSEE-Nonmetropolitan Counties,Bledsoe,35,9,26
TENNESSEE-Nonmetropolitan Counties,Campbell,66,34,32
TENNESSEE-Nonmetropolitan Counties,Carroll,48,24,24
TENNESSEE-Nonmetropolitan Counties,Claiborne,91,33,58
TENNESSEE-Nonmetropolitan Counties,Clay,19,10,9
TENNESSEE-Nonmetropolitan Counties,Cocke,61,33,28
TENNESSEE-Nonmetropolitan Counties,Coffee,85,44,41
TENNESSEE-Nonmetropolitan Counties,Crockett,30,13,17
TENNESSEE-Nonmetropolitan Counties,Cumberland,105,48,57
TENNESSEE-Nonmetropolitan Counties,Decatur,32,14,18
TENNESSEE-Nonmetropolitan Counties,DeKalb,42,20,22
TENNESSEE-Nonmetropolitan Counties,Dyer,78,35,43
TENNESSEE-Nonmetropolitan Counties,Fentress,33,20,13
TENNESSEE-Nonmetropolitan Counties,Franklin,55,35,20
TENNESSEE-Nonmetropolitan Counties,Gibson,73,31,42
TENNESSEE-Nonmetropolitan Counties,Giles,60,29,31
TENNESSEE-Nonmetropolitan Counties,Greene,156,64,92
TENNESSEE-Nonmetropolitan Counties,Grundy,31,17,14
TENNESSEE-Nonmetropolitan Counties,Hancock,33,11,22
TENNESSEE-Nonmetropolitan Counties,Hardeman,68,27,41
TENNESSEE-Nonmetropolitan Counties,Hardin,49,20,29
TENNESSEE-Nonmetropolitan Counties,Haywood,47,22,25
TENNESSEE-Nonmetropolitan Counties,Henderson,62,27,35
TENNESSEE-Nonmetropolitan Counties,Henry,65,33,32
TENNESSEE-Nonmetropolitan Counties,Houston,25,12,13
TENNESSEE-Nonmetropolitan Counties,Humphreys,38,20,18
TENNESSEE-Nonmetropolitan Counties,Jackson,41,13,28
TENNESSEE-Nonmetropolitan Counties,Johnson,41,16,25
TENNESSEE-Nonmetropolitan Counties,Lake,21,10,11
TENNESSEE-Nonmetropolitan Counties,Lauderdale,63,21,42
TENNESSEE-Nonmetropolitan Counties,Lawrence,90,45,45
TENNESSEE-Nonmetropolitan Counties,Lewis,29,13,16
TENNESSEE-Nonmetropolitan Counties,Lincoln,61,26,35
TENNESSEE-Nonmetropolitan Counties,Marshall,49,22,27
TENNESSEE-Nonmetropolitan Counties,Maury,149,81,68
TENNESSEE-Nonmetropolitan Counties,McMinn,84,32,52
TENNESSEE-Nonmetropolitan Counties,McNairy,35,17,18
TENNESSEE-Nonmetropolitan Counties,Meigs,24,14,10
TENNESSEE-Nonmetropolitan Counties,Monroe,67,35,32
TENNESSEE-Nonmetropolitan Counties,Moore,26,13,13
TENNESSEE-Nonmetropolitan Counties,Morgan,45,18,27
TENNESSEE-Nonmetropolitan Counties,Obion,62,25,37
TENNESSEE-Nonmetropolitan Counties,Overton,54,23,31
TENNESSEE-Nonmetropolitan Counties,Perry,35,16,19
TENNESSEE-Nonmetropolitan Counties,Pickett,16,10,6
TENNESSEE-Nonmetropolitan Counties,Putnam,126,62,64
TENNESSEE-Nonmetropolitan Counties,Rhea,54,54,0
TENNESSEE-Nonmetropolitan Counties,Roane,77,41,36
TENNESSEE-Nonmetropolitan Counties,Scott,65,26,39
TENNESSEE-Nonmetropolitan Counties,Sevier,116,93,23
TENNESSEE-Nonmetropolitan Counties,Van Buren,15,8,7
TENNESSEE-Nonmetropolitan Counties,Warren,82,42,40
TENNESSEE-Nonmetropolitan Counties,Wayne,46,17,29
TENNESSEE-Nonmetropolitan Counties,Weakley,44,22,22
TENNESSEE-Nonmetropolitan Counties,White,60,29,31
TEXAS-Metropolitan Counties,Aransas,76,22,54
TEXAS-Metropolitan Counties,Archer,17,8,9
TEXAS-Metropolitan Counties,Armstrong,7,3,4
TEXAS-Metropolitan Counties,Atascosa,79,32,47
TEXAS-Metropolitan Counties,Austin,67,31,36
TEXAS-Metropolitan Counties,Bandera,66,26,40
TEXAS-Metropolitan Counties,Bastrop,206,76,130
TEXAS-Metropolitan Counties,Bell,256,89,167
TEXAS-Metropolitan Counties,Bexar,"1,675",527,"1,148"
TEXAS-Metropolitan Counties,Bowie,47,40,7
TEXAS-Metropolitan Counties,Brazoria,345,166,179
TEXAS-Metropolitan Counties,Brazos,226,99,127
TEXAS-Metropolitan Counties,Burleson,35,12,23
TEXAS-Metropolitan Counties,Caldwell,97,24,73
TEXAS-Metropolitan Counties,Calhoun,64,23,41
TEXAS-Metropolitan Counties,Callahan,13,5,8
TEXAS-Metropolitan Counties,Cameron,438,112,326
TEXAS-Metropolitan Counties,Carson,17,6,11
TEXAS-Metropolitan Counties,Chambers,84,39,45
TEXAS-Metropolitan Counties,Clay,19,10,9
TEXAS-Metropolitan Counties,Collin,472,146,326
TEXAS-Metropolitan Counties,Comal,247,124,123
TEXAS-Metropolitan Counties,Coryell,65,28,37
TEXAS-Metropolitan Counties,Crosby,14,5,9
TEXAS-Metropolitan Counties,Dallas,"2,245",422,"1,823"
TEXAS-Metropolitan Counties,Delta,20,8,12
TEXAS-Metropolitan Counties,Denton,592,243,349
TEXAS-Metropolitan Counties,Ector,217,95,122
TEXAS-Metropolitan Counties,Ellis,214,80,134
TEXAS-Metropolitan Counties,El Paso,"1,117",257,860
TEXAS-Metropolitan Counties,Fort Bend,733,493,240
TEXAS-Metropolitan Counties,Galveston,459,278,181
TEXAS-Metropolitan Counties,Goliad,28,13,15
TEXAS-Metropolitan Counties,Grayson,137,62,75
TEXAS-Metropolitan Counties,Gregg,246,101,145
TEXAS-Metropolitan Counties,Guadalupe,210,85,125
TEXAS-Metropolitan Counties,Hardin,61,30,31
TEXAS-Metropolitan Counties,Harris,"3,705","2,212","1,493"
TEXAS-Metropolitan Counties,Hays,301,116,185
TEXAS-Metropolitan Counties,Hidalgo,730,262,468
TEXAS-Metropolitan Counties,Hunt,134,128,6
TEXAS-Metropolitan Counties,Irion,8,4,4
TEXAS-Metropolitan Counties,Jefferson,408,102,306
TEXAS-Metropolitan Counties,Johnson,137,94,43
TEXAS-Metropolitan Counties,Jones,21,10,11
TEXAS-Metropolitan Counties,Kaufman,241,88,153
TEXAS-Metropolitan Counties,Kendall,74,48,26
TEXAS-Metropolitan Counties,Lampasas,33,18,15
TEXAS-Metropolitan Counties,Liberty,71,51,20
TEXAS-Metropolitan Counties,Lubbock,435,168,267
TEXAS-Metropolitan Counties,McLennan,350,121,229
TEXAS-Metropolitan Counties,Medina,70,27,43
TEXAS-Metropolitan Counties,Midland,165,75,90
TEXAS-Metropolitan Counties,Montgomery,716,401,315
TEXAS-Metropolitan Counties,Nueces,317,69,248
TEXAS-Metropolitan Counties,Orange,138,64,74
TEXAS-Metropolitan Counties,Parker,113,82,31
TEXAS-Metropolitan Counties,Potter,205,95,110
TEXAS-Metropolitan Counties,Randall,175,80,95
TEXAS-Metropolitan Counties,Robertson,32,12,20
TEXAS-Metropolitan Counties,Rockwall,118,40,78
TEXAS-Metropolitan Counties,Rusk,75,39,36
TEXAS-Metropolitan Counties,San Jacinto,62,34,28
TEXAS-Metropolitan Counties,San Patricio,104,48,56
TEXAS-Metropolitan Counties,Smith,340,167,173
TEXAS-Metropolitan Counties,Tarrant,"1,388",499,889
TEXAS-Metropolitan Counties,Taylor,215,81,134
TEXAS-Metropolitan Counties,Tom Green,166,54,112
TEXAS-Metropolitan Counties,Travis,"1,533","1,136",397
TEXAS-Metropolitan Counties,Upshur,75,45,30
TEXAS-Metropolitan Counties,Victoria,184,114,70
TEXAS-Metropolitan Counties,Waller,74,47,27
TEXAS-Metropolitan Counties,Webb,283,171,112
TEXAS-Metropolitan Counties,Wichita,202,69,133
TEXAS-Metropolitan Counties,Williamson,494,215,279
TEXAS-Metropolitan Counties,Wilson,69,26,43
TEXAS-Metropolitan Counties,Wise,140,52,88
TEXAS-Nonmetropolitan Counties,Anderson,80,35,45
TEXAS-Nonmetropolitan Counties,Andrews,34,12,22
TEXAS-Nonmetropolitan Counties,Angelina,116,45,71
TEXAS-Nonmetropolitan Counties,Bailey,23,6,17
TEXAS-Nonmetropolitan Counties,Baylor,7,3,4
TEXAS-Nonmetropolitan Counties,Bee,39,20,19
TEXAS-Nonmetropolitan Counties,Blanco,22,10,12
TEXAS-Nonmetropolitan Counties,Borden,4,3,1
TEXAS-Nonmetropolitan Counties,Bosque,37,17,20
TEXAS-Nonmetropolitan Counties,Brewster,28,16,12
TEXAS-Nonmetropolitan Counties,Briscoe,2,1,1
TEXAS-Nonmetropolitan Counties,Brooks,36,11,25
TEXAS-Nonmetropolitan Counties,Brown,65,25,40
TEXAS-Nonmetropolitan Counties,Burnet,59,44,15
TEXAS-Nonmetropolitan Counties,Camp,18,7,11
TEXAS-Nonmetropolitan Counties,Cass,44,19,25
TEXAS-Nonmetropolitan Counties,Castro,19,8,11
TEXAS-Nonmetropolitan Counties,Cherokee,74,29,45
TEXAS-Nonmetropolitan Counties,Childress,24,5,19
TEXAS-Nonmetropolitan Counties,Cochran,14,7,7
TEXAS-Nonmetropolitan Counties,Coke,6,5,1
TEXAS-Nonmetropolitan Counties,Coleman,6,5,1
TEXAS-Nonmetropolitan Counties,Collingsworth,14,4,10
TEXAS-Nonmetropolitan Counties,Colorado,47,20,27
TEXAS-Nonmetropolitan Counties,Comanche,29,10,19
TEXAS-Nonmetropolitan Counties,Concho,14,7,7
TEXAS-Nonmetropolitan Counties,Cottle,1,1,0
TEXAS-Nonmetropolitan Counties,Crane,11,6,5
TEXAS-Nonmetropolitan Counties,Culberson,13,8,5
TEXAS-Nonmetropolitan Counties,Dallam,6,5,1
TEXAS-Nonmetropolitan Counties,Dawson,19,7,12
TEXAS-Nonmetropolitan Counties,Deaf Smith,33,11,22
TEXAS-Nonmetropolitan Counties,Dewitt,42,12,30
TEXAS-Nonmetropolitan Counties,Dickens,6,2,4
TEXAS-Nonmetropolitan Counties,Dimmit,50,21,29
TEXAS-Nonmetropolitan Counties,Donley,10,6,4
TEXAS-Nonmetropolitan Counties,Duval,42,20,22
TEXAS-Nonmetropolitan Counties,Eastland,27,9,18
TEXAS-Nonmetropolitan Counties,Edwards,11,5,6
TEXAS-Nonmetropolitan Counties,Erath,57,23,34
TEXAS-Nonmetropolitan Counties,Falls,20,5,15
TEXAS-Nonmetropolitan Counties,Fannin,25,18,7
TEXAS-Nonmetropolitan Counties,Fayette,46,23,23
TEXAS-Nonmetropolitan Counties,Fisher,9,5,4
TEXAS-Nonmetropolitan Counties,Floyd,7,3,4
TEXAS-Nonmetropolitan Counties,Foard,3,2,1
TEXAS-Nonmetropolitan Counties,Franklin,20,10,10
TEXAS-Nonmetropolitan Counties,Freestone,40,16,24
TEXAS-Nonmetropolitan Counties,Frio,20,12,8
TEXAS-Nonmetropolitan Counties,Gaines,25,14,11
TEXAS-Nonmetropolitan Counties,Garza,31,11,20
TEXAS-Nonmetropolitan Counties,Gillespie,42,28,14
TEXAS-Nonmetropolitan Counties,Glasscock,4,4,0
TEXAS-Nonmetropolitan Counties,Gonzales,43,14,29
TEXAS-Nonmetropolitan Counties,Gray,43,14,29
TEXAS-Nonmetropolitan Counties,Grimes,45,26,19
TEXAS-Nonmetropolitan Counties,Hale,72,23,49
TEXAS-Nonmetropolitan Counties,Hall,11,4,7
TEXAS-Nonmetropolitan Counties,Hamilton,24,13,11
TEXAS-Nonmetropolitan Counties,Hansford,9,4,5
TEXAS-Nonmetropolitan Counties,Hardeman,12,7,5
TEXAS-Nonmetropolitan Counties,Harrison,102,48,54
TEXAS-Nonmetropolitan Counties,Hartley,5,5,0
TEXAS-Nonmetropolitan Counties,Haskell,9,3,6
TEXAS-Nonmetropolitan Counties,Hemphill,16,10,6
TEXAS-Nonmetropolitan Counties,Henderson,151,83,68
TEXAS-Nonmetropolitan Counties,Hill,73,33,40
TEXAS-Nonmetropolitan Counties,Hockley,26,12,14
TEXAS-Nonmetropolitan Counties,Hood,130,47,83
TEXAS-Nonmetropolitan Counties,Hopkins,59,26,33
TEXAS-Nonmetropolitan Counties,Houston,46,20,26
TEXAS-Nonmetropolitan Counties,Howard,51,16,35
TEXAS-Nonmetropolitan Counties,Hudspeth,28,10,18
TEXAS-Nonmetropolitan Counties,Hutchinson,35,12,23
TEXAS-Nonmetropolitan Counties,Jack,30,9,21
TEXAS-Nonmetropolitan Counties,Jackson,33,14,19
TEXAS-Nonmetropolitan Counties,Jasper,48,19,29
TEXAS-Nonmetropolitan Counties,Jeff Davis,7,5,2
TEXAS-Nonmetropolitan Counties,Jim Hogg,41,23,18
TEXAS-Nonmetropolitan Counties,Jim Wells,67,27,40
TEXAS-Nonmetropolitan Counties,Karnes,20,11,9
TEXAS-Nonmetropolitan Counties,Kenedy,18,11,7
TEXAS-Nonmetropolitan Counties,Kent,6,3,3
TEXAS-Nonmetropolitan Counties,Kerr,94,45,49
TEXAS-Nonmetropolitan Counties,Kimble,14,11,3
TEXAS-Nonmetropolitan Counties,King,2,2,0
TEXAS-Nonmetropolitan Counties,Kinney,16,7,9
TEXAS-Nonmetropolitan Counties,Kleberg,88,22,66
TEXAS-Nonmetropolitan Counties,Knox,9,3,6
TEXAS-Nonmetropolitan Counties,Lamar,76,26,50
TEXAS-Nonmetropolitan Counties,Lamb,29,11,18
TEXAS-Nonmetropolitan Counties,La Salle,18,10,8
TEXAS-Nonmetropolitan Counties,Lavaca,30,12,18
TEXAS-Nonmetropolitan Counties,Lee,40,12,28
TEXAS-Nonmetropolitan Counties,Leon,38,24,14
TEXAS-Nonmetropolitan Counties,Limestone,87,22,65
TEXAS-Nonmetropolitan Counties,Lipscomb,10,6,4
TEXAS-Nonmetropolitan Counties,Live Oak,34,9,25
TEXAS-Nonmetropolitan Counties,Llano,54,29,25
TEXAS-Nonmetropolitan Counties,Loving,3,2,1
TEXAS-Nonmetropolitan Counties,Lynn,22,7,15
TEXAS-Nonmetropolitan Counties,Madison,24,10,14
TEXAS-Nonmetropolitan Counties,Marion,15,14,1
TEXAS-Nonmetropolitan Counties,Martin,8,4,4
TEXAS-Nonmetropolitan Counties,Mason,9,5,4
TEXAS-Nonmetropolitan Counties,Matagorda,74,34,40
TEXAS-Nonmetropolitan Counties,Maverick,93,46,47
TEXAS-Nonmetropolitan Counties,McCulloch,12,6,6
TEXAS-Nonmetropolitan Counties,McMullen,6,5,1
TEXAS-Nonmetropolitan Counties,Menard,10,5,5
TEXAS-Nonmetropolitan Counties,Milam,58,18,40
TEXAS-Nonmetropolitan Counties,Mills,10,6,4
TEXAS-Nonmetropolitan Counties,Mitchell,11,5,6
TEXAS-Nonmetropolitan Counties,Montague,29,10,19
TEXAS-Nonmetropolitan Counties,Moore,45,17,28
TEXAS-Nonmetropolitan Counties,Morris,22,9,13
TEXAS-Nonmetropolitan Counties,Motley,2,2,0
TEXAS-Nonmetropolitan Counties,Nacogdoches,100,51,49
TEXAS-Nonmetropolitan Counties,Navarro,128,65,63
TEXAS-Nonmetropolitan Counties,Newton,23,12,11
TEXAS-Nonmetropolitan Counties,Nolan,29,10,19
TEXAS-Nonmetropolitan Counties,Ochiltree,19,8,11
TEXAS-Nonmetropolitan Counties,Oldham,11,6,5
TEXAS-Nonmetropolitan Counties,Palo Pinto,53,25,28
TEXAS-Nonmetropolitan Counties,Panola,55,32,23
TEXAS-Nonmetropolitan Counties,Parmer,19,6,13
TEXAS-Nonmetropolitan Counties,Pecos,37,22,15
TEXAS-Nonmetropolitan Counties,Polk,91,47,44
TEXAS-Nonmetropolitan Counties,Presidio,7,7,0
TEXAS-Nonmetropolitan Counties,Rains,24,10,14
TEXAS-Nonmetropolitan Counties,Reagan,19,8,11
TEXAS-Nonmetropolitan Counties,Real,8,4,4
TEXAS-Nonmetropolitan Counties,Red River,27,12,15
TEXAS-Nonmetropolitan Counties,Reeves,66,17,49
TEXAS-Nonmetropolitan Counties,Refugio,41,15,26
TEXAS-Nonmetropolitan Counties,Roberts,6,5,1
TEXAS-Nonmetropolitan Counties,Runnels,25,8,17
TEXAS-Nonmetropolitan Counties,Sabine,18,8,10
TEXAS-Nonmetropolitan Counties,San Augustine,18,8,10
TEXAS-Nonmetropolitan Counties,San Saba,5,5,0
TEXAS-Nonmetropolitan Counties,Schleicher,12,6,6
TEXAS-Nonmetropolitan Counties,Scurry,41,10,31
TEXAS-Nonmetropolitan Counties,Shackelford,15,5,10
TEXAS-Nonmetropolitan Counties,Shelby,30,17,13
TEXAS-Nonmetropolitan Counties,Sherman,10,5,5
TEXAS-Nonmetropolitan Counties,Somervell,41,19,22
TEXAS-Nonmetropolitan Counties,Starr,114,58,56
TEXAS-Nonmetropolitan Counties,Stephens,27,7,20
TEXAS-Nonmetropolitan Counties,Sterling,4,4,0
TEXAS-Nonmetropolitan Counties,Stonewall,7,3,4
TEXAS-Nonmetropolitan Counties,Sutton,13,4,9
TEXAS-Nonmetropolitan Counties,Swisher,10,4,6
TEXAS-Nonmetropolitan Counties,Terrell,12,6,6
TEXAS-Nonmetropolitan Counties,Terry,32,10,22
TEXAS-Nonmetropolitan Counties,Throckmorton,6,2,4
TEXAS-Nonmetropolitan Counties,Titus,60,25,35
TEXAS-Nonmetropolitan Counties,Trinity,19,11,8
TEXAS-Nonmetropolitan Counties,Tyler,31,16,15
TEXAS-Nonmetropolitan Counties,Upton,23,10,13
TEXAS-Nonmetropolitan Counties,Uvalde,39,21,18
TEXAS-Nonmetropolitan Counties,Val Verde,61,42,19
TEXAS-Nonmetropolitan Counties,Van Zandt,78,42,36
TEXAS-Nonmetropolitan Counties,Walker,72,35,37
TEXAS-Nonmetropolitan Counties,Ward,32,14,18
TEXAS-Nonmetropolitan Counties,Washington,54,35,19
TEXAS-Nonmetropolitan Counties,Wharton,73,44,29
TEXAS-Nonmetropolitan Counties,Wheeler,14,9,5
TEXAS-Nonmetropolitan Counties,Wilbarger,18,7,11
TEXAS-Nonmetropolitan Counties,Willacy,44,14,30
TEXAS-Nonmetropolitan Counties,Winkler,28,9,19
TEXAS-Nonmetropolitan Counties,Wood,58,27,31
TEXAS-Nonmetropolitan Counties,Yoakum,22,11,11
TEXAS-Nonmetropolitan Counties,Young,33,9,24
TEXAS-Nonmetropolitan Counties,Zapata,105,49,56
TEXAS-Nonmetropolitan Counties,Zavala,31,14,17
UTAH-Metropolitan Counties,Cache,147,112,35
UTAH-Metropolitan Counties,Davis,331,139,192
UTAH-Metropolitan Counties,Juab,23,8,15
UTAH-Metropolitan Counties,Morgan,11,9,2
UTAH-Metropolitan Counties,Salt Lake County Unified Police Department,501,356,145
UTAH-Metropolitan Counties,Summit,96,54,42
UTAH-Metropolitan Counties,Tooele,114,36,78
UTAH-Metropolitan Counties,Utah,358,143,215
UTAH-Metropolitan Counties,Washington,155,44,111
UTAH-Metropolitan Counties,Weber,90,88,2
UTAH-Nonmetropolitan Counties,Beaver,77,23,54
UTAH-Nonmetropolitan Counties,Box Elder,83,28,55
UTAH-Nonmetropolitan Counties,Carbon,46,19,27
UTAH-Nonmetropolitan Counties,Daggett,23,8,15
UTAH-Nonmetropolitan Counties,Duchesne,55,19,36
UTAH-Nonmetropolitan Counties,Emery,40,32,8
UTAH-Nonmetropolitan Counties,Garfield,29,6,23
UTAH-Nonmetropolitan Counties,Grand,32,17,15
UTAH-Nonmetropolitan Counties,Iron,33,29,4
UTAH-Nonmetropolitan Counties,Kane,50,35,15
UTAH-Nonmetropolitan Counties,Millard,50,30,20
UTAH-Nonmetropolitan Counties,Piute,3,3,0
UTAH-Nonmetropolitan Counties,Rich,10,4,6
UTAH-Nonmetropolitan Counties,San Juan,34,27,7
UTAH-Nonmetropolitan Counties,Sanpete,52,36,16
UTAH-Nonmetropolitan Counties,Sevier,65,52,13
UTAH-Nonmetropolitan Counties,Uintah,68,21,47
UTAH-Nonmetropolitan Counties,Wasatch,47,39,8
UTAH-Nonmetropolitan Counties,Wayne,6,6,0
VERMONT-Metropolitan Counties,Chittenden,12,10,2
VERMONT-Metropolitan Counties,Franklin,14,12,2
VERMONT-Metropolitan Counties,Grand Isle,7,4,3
VERMONT-Nonmetropolitan Counties,Addison,9,5,4
VERMONT-Nonmetropolitan Counties,Bennington,9,6,3
VERMONT-Nonmetropolitan Counties,Caledonia,4,2,2
VERMONT-Nonmetropolitan Counties,Essex,3,2,1
VERMONT-Nonmetropolitan Counties,Lamoille,21,11,10
VERMONT-Nonmetropolitan Counties,Orange,14,7,7
VERMONT-Nonmetropolitan Counties,Orleans,9,6,3
VERMONT-Nonmetropolitan Counties,Rutland,24,19,5
VERMONT-Nonmetropolitan Counties,Washington,13,11,2
VERMONT-Nonmetropolitan Counties,Windham,12,10,2
VERMONT-Nonmetropolitan Counties,Windsor,12,9,3
VIRGINIA-Metropolitan Counties,Albemarle County Police Department,138,112,26
VIRGINIA-Metropolitan Counties,Amelia,24,16,8
VIRGINIA-Metropolitan Counties,Amherst,69,63,6
VIRGINIA-Metropolitan Counties,Appomattox,33,30,3
VIRGINIA-Metropolitan Counties,Arlington County Police Department,440,363,77
VIRGINIA-Metropolitan Counties,Bedford,81,73,8
VIRGINIA-Metropolitan Counties,Botetourt,114,92,22
VIRGINIA-Metropolitan Counties,Campbell,65,57,8
VIRGINIA-Metropolitan Counties,Caroline,69,48,21
VIRGINIA-Metropolitan Counties,Charles City,16,9,7
VIRGINIA-Metropolitan Counties,Chesterfield County Police Department,574,473,101
VIRGINIA-Metropolitan Counties,Clarke,29,17,12
VIRGINIA-Metropolitan Counties,Craig,14,9,5
VIRGINIA-Metropolitan Counties,Cumberland,20,13,7
VIRGINIA-Metropolitan Counties,Dinwiddie,42,39,3
VIRGINIA-Metropolitan Counties,Fairfax County Police Department,"1,719","1,391",328
VIRGINIA-Metropolitan Counties,Fauquier,127,110,17
VIRGINIA-Metropolitan Counties,Fluvanna,39,27,12
VIRGINIA-Metropolitan Counties,Franklin,91,73,18
VIRGINIA-Metropolitan Counties,Frederick,124,107,17
VIRGINIA-Metropolitan Counties,Giles,33,23,10
VIRGINIA-Metropolitan Counties,Gloucester,58,48,10
VIRGINIA-Metropolitan Counties,Goochland,39,29,10
VIRGINIA-Metropolitan Counties,Greene,36,22,14
VIRGINIA-Metropolitan Counties,Hanover,223,205,18
VIRGINIA-Metropolitan Counties,Henrico County Police Department,744,568,176
VIRGINIA-Metropolitan Counties,Isle of Wight,45,38,7
VIRGINIA-Metropolitan Counties,James City County Police Department,97,92,5
VIRGINIA-Metropolitan Counties,King and Queen,20,13,7
VIRGINIA-Metropolitan Counties,King William,33,21,12
VIRGINIA-Metropolitan Counties,Loudoun,636,531,105
VIRGINIA-Metropolitan Counties,Louisa,61,48,13
VIRGINIA-Metropolitan Counties,Mathews,20,11,9
VIRGINIA-Metropolitan Counties,Montgomery,117,101,16
VIRGINIA-Metropolitan Counties,Nelson,21,15,6
VIRGINIA-Metropolitan Counties,New Kent,43,32,11
VIRGINIA-Metropolitan Counties,Pittsylvania,131,113,18
VIRGINIA-Metropolitan Counties,Powhatan,58,41,17
VIRGINIA-Metropolitan Counties,Prince George County Police Department,73,52,21
VIRGINIA-Metropolitan Counties,Prince William County Police Department,699,569,130
VIRGINIA-Metropolitan Counties,Pulaski,52,42,10
VIRGINIA-Metropolitan Counties,Roanoke County Police Department,139,127,12
VIRGINIA-Metropolitan Counties,Rockingham,69,55,14
VIRGINIA-Metropolitan Counties,Scott,34,26,8
VIRGINIA-Metropolitan Counties,Spotsylvania,201,159,42
VIRGINIA-Metropolitan Counties,Stafford,214,152,62
VIRGINIA-Metropolitan Counties,Surry,22,13,9
VIRGINIA-Metropolitan Counties,Sussex,42,37,5
VIRGINIA-Metropolitan Counties,Warren,93,46,47
VIRGINIA-Metropolitan Counties,Washington,72,52,20
VIRGINIA-Metropolitan Counties,York,93,87,6
VIRGINIA-Nonmetropolitan Counties,Accomack,67,55,12
VIRGINIA-Nonmetropolitan Counties,Alleghany,62,43,19
VIRGINIA-Nonmetropolitan Counties,Augusta,77,66,11
VIRGINIA-Nonmetropolitan Counties,Bath,17,17,0
VIRGINIA-Nonmetropolitan Counties,Bland,17,11,6
VIRGINIA-Nonmetropolitan Counties,Brunswick,33,19,14
VIRGINIA-Nonmetropolitan Counties,Buchanan,47,33,14
VIRGINIA-Nonmetropolitan Counties,Buckingham,28,20,8
VIRGINIA-Nonmetropolitan Counties,Carroll,33,28,5
VIRGINIA-Nonmetropolitan Counties,Charlotte,32,30,2
VIRGINIA-Nonmetropolitan Counties,Culpeper,91,74,17
VIRGINIA-Nonmetropolitan Counties,Dickenson,32,20,12
VIRGINIA-Nonmetropolitan Counties,Essex,19,12,7
VIRGINIA-Nonmetropolitan Counties,Floyd,28,18,10
VIRGINIA-Nonmetropolitan Counties,Grayson,29,23,6
VIRGINIA-Nonmetropolitan Counties,Greensville,34,20,14
VIRGINIA-Nonmetropolitan Counties,Halifax,37,34,3
VIRGINIA-Nonmetropolitan Counties,Henry,127,114,13
VIRGINIA-Nonmetropolitan Counties,Highland,11,7,4
VIRGINIA-Nonmetropolitan Counties,King George,42,28,14
VIRGINIA-Nonmetropolitan Counties,Lancaster,35,29,6
VIRGINIA-Nonmetropolitan Counties,Lee,34,34,0
VIRGINIA-Nonmetropolitan Counties,Lunenburg,21,14,7
VIRGINIA-Nonmetropolitan Counties,Madison,30,17,13
VIRGINIA-Nonmetropolitan Counties,Mecklenburg,91,51,40
VIRGINIA-Nonmetropolitan Counties,Middlesex,21,16,5
VIRGINIA-Nonmetropolitan Counties,Northampton,81,64,17
VIRGINIA-Nonmetropolitan Counties,Northumberland,26,15,11
VIRGINIA-Nonmetropolitan Counties,Nottoway,24,13,11
VIRGINIA-Nonmetropolitan Counties,Orange,44,36,8
VIRGINIA-Nonmetropolitan Counties,Page,64,48,16
VIRGINIA-Nonmetropolitan Counties,Patrick,38,24,14
VIRGINIA-Nonmetropolitan Counties,Prince Edward,30,23,7
VIRGINIA-Nonmetropolitan Counties,Rappahannock,27,26,1
VIRGINIA-Nonmetropolitan Counties,Richmond,20,12,8
VIRGINIA-Nonmetropolitan Counties,Rockbridge,37,30,7
VIRGINIA-Nonmetropolitan Counties,Russell,49,34,15
VIRGINIA-Nonmetropolitan Counties,Shenandoah,77,68,9
VIRGINIA-Nonmetropolitan Counties,Smyth,41,41,0
VIRGINIA-Nonmetropolitan Counties,Southampton,74,62,12
VIRGINIA-Nonmetropolitan Counties,Tazewell,61,44,17
VIRGINIA-Nonmetropolitan Counties,Westmoreland,31,21,10
VIRGINIA-Nonmetropolitan Counties,Wise,61,47,14
VIRGINIA-Nonmetropolitan Counties,Wythe,46,39,7
WASHINGTON-Metropolitan Counties,Asotin,14,12,2
WASHINGTON-Metropolitan Counties,Benton,71,60,11
WASHINGTON-Metropolitan Counties,Chelan,64,53,11
WASHINGTON-Metropolitan Counties,Clark,210,132,78
WASHINGTON-Metropolitan Counties,Cowlitz,53,43,10
WASHINGTON-Metropolitan Counties,Douglas,34,27,7
WASHINGTON-Metropolitan Counties,Franklin,27,25,2
WASHINGTON-Metropolitan Counties,King,343,241,102
WASHINGTON-Metropolitan Counties,Kitsap,145,115,30
WASHINGTON-Metropolitan Counties,Pierce,361,300,61
WASHINGTON-Metropolitan Counties,Skagit,92,48,44
WASHINGTON-Metropolitan Counties,Skamania,26,22,4
WASHINGTON-Metropolitan Counties,Snohomish,331,263,68
WASHINGTON-Metropolitan Counties,Spokane,179,124,55
WASHINGTON-Metropolitan Counties,Thurston,102,82,20
WASHINGTON-Metropolitan Counties,Whatcom,104,85,19
WASHINGTON-Metropolitan Counties,Yakima,88,56,32
WASHINGTON-Nonmetropolitan Counties,Adams,27,17,10
WASHINGTON-Nonmetropolitan Counties,Clallam,43,35,8
WASHINGTON-Nonmetropolitan Counties,Columbia,9,8,1
WASHINGTON-Nonmetropolitan Counties,Ferry,22,7,15
WASHINGTON-Nonmetropolitan Counties,Garfield,15,7,8
WASHINGTON-Nonmetropolitan Counties,Grant,61,47,14
WASHINGTON-Nonmetropolitan Counties,Grays Harbor,77,39,38
WASHINGTON-Nonmetropolitan Counties,Island,57,33,24
WASHINGTON-Nonmetropolitan Counties,Jefferson,44,23,21
WASHINGTON-Nonmetropolitan Counties,Kittitas,65,34,31
WASHINGTON-Nonmetropolitan Counties,Klickitat,48,19,29
WASHINGTON-Nonmetropolitan Counties,Lewis,56,39,17
WASHINGTON-Nonmetropolitan Counties,Lincoln,23,12,11
WASHINGTON-Nonmetropolitan Counties,Mason,62,47,15
WASHINGTON-Nonmetropolitan Counties,Okanogan,34,29,5
WASHINGTON-Nonmetropolitan Counties,Pacific,45,18,27
WASHINGTON-Nonmetropolitan Counties,Pend Oreille,19,16,3
WASHINGTON-Nonmetropolitan Counties,San Juan,35,20,15
WASHINGTON-Nonmetropolitan Counties,Stevens,31,26,5
WASHINGTON-Nonmetropolitan Counties,Wahkiakum,16,7,9
WASHINGTON-Nonmetropolitan Counties,Walla Walla,30,25,5
WASHINGTON-Nonmetropolitan Counties,Whitman,22,18,4
WEST VIRGINIA-Metropolitan Counties,Berkeley,79,56,23
WEST VIRGINIA-Metropolitan Counties,Boone,28,22,6
WEST VIRGINIA-Metropolitan Counties,Brooke,29,17,12
WEST VIRGINIA-Metropolitan Counties,Cabell,51,44,7
WEST VIRGINIA-Metropolitan Counties,Clay,11,6,5
WEST VIRGINIA-Metropolitan Counties,Hampshire,19,16,3
WEST VIRGINIA-Metropolitan Counties,Hancock,36,26,10
WEST VIRGINIA-Metropolitan Counties,Jefferson,32,26,6
WEST VIRGINIA-Metropolitan Counties,Kanawha,131,102,29
WEST VIRGINIA-Metropolitan Counties,Lincoln,7,6,1
WEST VIRGINIA-Metropolitan Counties,Marshall,29,26,3
WEST VIRGINIA-Metropolitan Counties,Mineral,15,13,2
WEST VIRGINIA-Metropolitan Counties,Monongalia,63,36,27
WEST VIRGINIA-Metropolitan Counties,Morgan,12,11,1
WEST VIRGINIA-Metropolitan Counties,Ohio,29,28,1
WEST VIRGINIA-Metropolitan Counties,Pleasants,7,6,1
WEST VIRGINIA-Metropolitan Counties,Preston,26,15,11
WEST VIRGINIA-Metropolitan Counties,Putnam,51,40,11
WEST VIRGINIA-Metropolitan Counties,Wayne,24,21,3
WEST VIRGINIA-Metropolitan Counties,Wirt,3,3,0
WEST VIRGINIA-Metropolitan Counties,Wood,68,38,30
WEST VIRGINIA-Nonmetropolitan Counties,Barbour,7,7,0
WEST VIRGINIA-Nonmetropolitan Counties,Braxton,11,9,2
WEST VIRGINIA-Nonmetropolitan Counties,Calhoun,3,3,0
WEST VIRGINIA-Nonmetropolitan Counties,Doddridge,6,6,0
WEST VIRGINIA-Nonmetropolitan Counties,Fayette,35,30,5
WEST VIRGINIA-Nonmetropolitan Counties,Gilmer,7,4,3
WEST VIRGINIA-Nonmetropolitan Counties,Grant,11,8,3
WEST VIRGINIA-Nonmetropolitan Counties,Greenbrier,33,28,5
WEST VIRGINIA-Nonmetropolitan Counties,Hardy,11,9,2
WEST VIRGINIA-Nonmetropolitan Counties,Harrison,37,35,2
WEST VIRGINIA-Nonmetropolitan Counties,Jackson,23,15,8
WEST VIRGINIA-Nonmetropolitan Counties,Lewis,18,14,4
WEST VIRGINIA-Nonmetropolitan Counties,Logan,25,18,7
WEST VIRGINIA-Nonmetropolitan Counties,Marion,44,33,11
WEST VIRGINIA-Nonmetropolitan Counties,Mason,25,17,8
WEST VIRGINIA-Nonmetropolitan Counties,McDowell,16,15,1
WEST VIRGINIA-Nonmetropolitan Counties,Mercer,30,26,4
WEST VIRGINIA-Nonmetropolitan Counties,Mingo,23,20,3
WEST VIRGINIA-Nonmetropolitan Counties,Monroe,8,8,0
WEST VIRGINIA-Nonmetropolitan Counties,Nicholas,27,23,4
WEST VIRGINIA-Nonmetropolitan Counties,Pendleton,3,3,0
WEST VIRGINIA-Nonmetropolitan Counties,Pocahontas,14,8,6
WEST VIRGINIA-Nonmetropolitan Counties,Raleigh,66,45,21
WEST VIRGINIA-Nonmetropolitan Counties,Randolph,14,11,3
WEST VIRGINIA-Nonmetropolitan Counties,Ritchie,9,7,2
WEST VIRGINIA-Nonmetropolitan Counties,Roane,9,8,1
WEST VIRGINIA-Nonmetropolitan Counties,Summers,10,6,4
WEST VIRGINIA-Nonmetropolitan Counties,Taylor,15,7,8
WEST VIRGINIA-Nonmetropolitan Counties,Tucker,4,4,0
WEST VIRGINIA-Nonmetropolitan Counties,Tyler,8,7,1
WEST VIRGINIA-Nonmetropolitan Counties,Upshur,13,11,2
WEST VIRGINIA-Nonmetropolitan Counties,Webster,8,5,3
WEST VIRGINIA-Nonmetropolitan Counties,Wetzel,10,10,0
WEST VIRGINIA-Nonmetropolitan Counties,Wyoming,26,20,6
WISCONSIN-Metropolitan Counties,Brown,325,152,173
WISCONSIN-Metropolitan Counties,Calumet,50,23,27
WISCONSIN-Metropolitan Counties,Chippewa,66,53,13
WISCONSIN-Metropolitan Counties,Columbia,95,40,55
WISCONSIN-Metropolitan Counties,Dane,536,433,103
WISCONSIN-Metropolitan Counties,Douglas,80,28,52
WISCONSIN-Metropolitan Counties,Eau Claire,89,40,49
WISCONSIN-Metropolitan Counties,Fond du Lac,112,57,55
WISCONSIN-Metropolitan Counties,Iowa,39,36,3
WISCONSIN-Metropolitan Counties,Kenosha,334,114,220
WISCONSIN-Metropolitan Counties,Kewaunee,34,32,2
WISCONSIN-Metropolitan Counties,La Crosse,112,41,71
WISCONSIN-Metropolitan Counties,Marathon,174,66,108
WISCONSIN-Metropolitan Counties,Milwaukee,"1,243",369,874
WISCONSIN-Metropolitan Counties,Oconto,62,26,36
WISCONSIN-Metropolitan Counties,Outagamie,201,82,119
WISCONSIN-Metropolitan Counties,Ozaukee,100,78,22
WISCONSIN-Metropolitan Counties,Pierce,50,46,4
WISCONSIN-Metropolitan Counties,Racine,214,136,78
WISCONSIN-Metropolitan Counties,Rock,206,96,110
WISCONSIN-Metropolitan Counties,Sheboygan,146,71,75
WISCONSIN-Metropolitan Counties,St. Croix,84,76,8
WISCONSIN-Metropolitan Counties,Washington,171,72,99
WISCONSIN-Metropolitan Counties,Waukesha,339,161,178
WISCONSIN-Metropolitan Counties,Winnebago,186,128,58
WISCONSIN-Nonmetropolitan Counties,Adams,57,28,29
WISCONSIN-Nonmetropolitan Counties,Ashland,39,21,18
WISCONSIN-Nonmetropolitan Counties,Barron,69,28,41
WISCONSIN-Nonmetropolitan Counties,Bayfield,40,19,21
WISCONSIN-Nonmetropolitan Counties,Buffalo,22,13,9
WISCONSIN-Nonmetropolitan Counties,Burnett,34,17,17
WISCONSIN-Nonmetropolitan Counties,Clark,50,47,3
WISCONSIN-Nonmetropolitan Counties,Crawford,29,28,1
WISCONSIN-Nonmetropolitan Counties,Dodge,174,76,98
WISCONSIN-Nonmetropolitan Counties,Door,66,32,34
WISCONSIN-Nonmetropolitan Counties,Dunn,55,25,30
WISCONSIN-Nonmetropolitan Counties,Florence,24,20,4
WISCONSIN-Nonmetropolitan Counties,Forest,38,18,20
WISCONSIN-Nonmetropolitan Counties,Grant,46,25,21
WISCONSIN-Nonmetropolitan Counties,Green,57,35,22
WISCONSIN-Nonmetropolitan Counties,Green Lake,43,17,26
WISCONSIN-Nonmetropolitan Counties,Iron,19,11,8
WISCONSIN-Nonmetropolitan Counties,Jackson,45,21,24
WISCONSIN-Nonmetropolitan Counties,Jefferson,120,97,23
WISCONSIN-Nonmetropolitan Counties,Juneau,46,43,3
WISCONSIN-Nonmetropolitan Counties,Lafayette,25,13,12
WISCONSIN-Nonmetropolitan Counties,Langlade,37,14,23
WISCONSIN-Nonmetropolitan Counties,Lincoln,64,29,35
WISCONSIN-Nonmetropolitan Counties,Manitowoc,102,59,43
WISCONSIN-Nonmetropolitan Counties,Marinette,75,30,45
WISCONSIN-Nonmetropolitan Counties,Marquette,35,33,2
WISCONSIN-Nonmetropolitan Counties,Menominee,20,11,9
WISCONSIN-Nonmetropolitan Counties,Monroe,49,40,9
WISCONSIN-Nonmetropolitan Counties,Oneida,84,38,46
WISCONSIN-Nonmetropolitan Counties,Pepin,17,7,10
WISCONSIN-Nonmetropolitan Counties,Polk,73,28,45
WISCONSIN-Nonmetropolitan Counties,Portage,93,49,44
WISCONSIN-Nonmetropolitan Counties,Price,29,19,10
WISCONSIN-Nonmetropolitan Counties,Richland,31,16,15
WISCONSIN-Nonmetropolitan Counties,Rusk,31,28,3
WISCONSIN-Nonmetropolitan Counties,Sauk,144,43,101
WISCONSIN-Nonmetropolitan Counties,Sawyer,46,34,12
WISCONSIN-Nonmetropolitan Counties,Shawano,102,37,65
WISCONSIN-Nonmetropolitan Counties,Taylor,41,18,23
WISCONSIN-Nonmetropolitan Counties,Trempealeau,51,24,27
WISCONSIN-Nonmetropolitan Counties,Vernon,46,26,20
WISCONSIN-Nonmetropolitan Counties,Vilas,71,34,37
WISCONSIN-Nonmetropolitan Counties,Walworth,209,80,129
WISCONSIN-Nonmetropolitan Counties,Washburn,31,14,17
WISCONSIN-Nonmetropolitan Counties,Waupaca,98,37,61
WISCONSIN-Nonmetropolitan Counties,Waushara,57,23,34
WISCONSIN-Nonmetropolitan Counties,Wood,71,42,29
WYOMING-Metropolitan Counties,Laramie,71,54,17
WYOMING-Metropolitan Counties,Natrona,156,120,36
WYOMING-Nonmetropolitan Counties,Albany,43,43,0
WYOMING-Nonmetropolitan Counties,Big Horn,11,10,1
WYOMING-Nonmetropolitan Counties,Campbell,60,45,15
WYOMING-Nonmetropolitan Counties,Carbon,28,18,10
WYOMING-Nonmetropolitan Counties,Converse,22,13,9
WYOMING-Nonmetropolitan Counties,Crook,18,8,10
WYOMING-Nonmetropolitan Counties,Fremont,40,36,4
WYOMING-Nonmetropolitan Counties,Goshen,36,24,12
WYOMING-Nonmetropolitan Counties,Hot Springs,9,7,2
WYOMING-Nonmetropolitan Counties,Johnson,13,12,1
WYOMING-Nonmetropolitan Counties,Lincoln,32,20,12
WYOMING-Nonmetropolitan Counties,Niobrara,15,4,11
WYOMING-Nonmetropolitan Counties,Park,27,15,12
WYOMING-Nonmetropolitan Counties,Platte,18,9,9
WYOMING-Nonmetropolitan Counties,Sheridan,27,21,6
WYOMING-Nonmetropolitan Counties,Sublette,41,36,5
WYOMING-Nonmetropolitan Counties,Sweetwater,46,41,5
WYOMING-Nonmetropolitan Counties,Teton,37,21,16
WYOMING-Nonmetropolitan Counties,Uinta,37,23,14
WYOMING-Nonmetropolitan Counties,Washakie,10,9,1
WYOMING-Nonmetropolitan Counties,Weston,10,8,2